#    black      heavy      bold       medium    regular     light      thin
# -----+----|-----+----|-----+----|-----+----|-----+----|-----+----|-----+----|

`    20   40    25   42    30   44    35   46    40   48    45   50    50   52
a    30   50    33   53    36   56    39   59    42   62    45   65    48   68
b    65   35    68   38    71   41    74   44    77   47    80   50    83   53
c    30   35    33   38    36   41    39   44    42   47    45   50    48   53
d    35   65    38   68    41   71    44   74    47   77    50   80    53   83
e    30   30    33   33    36   36    39   39    42   42    45   45    48   48
f    25  -25    26  -20    27  -15    28  -10    29   -5    30    0    31    5
g    35   65    38   68    41   71    44   74    47   77    50   80    53   83
h    65   50    68   53    71   56    74   59    77   62    80   65    83   68
i    80   80    85   85    90   90    95   95   100  100   105  105   110  110
j  -140   80  -141   85  -142   90  -143   95  -144  100  -145  105  -146  110
k    65   10    68   10    71   10    74   10    77   10    80   10    83   10
l    80   80    85   85    90   90    95   95   100  100   105  105   110  110
m    65   55    68   58    71   61    74   64    77   67    80   70    83   73
n    65   50    68   53    71   56    74   59    77   62    80   65    83   68
o    30   30    33   33    36   36    39   39    42   42    45   45    48   48
p    65   35    68   38    71   41    74   44    77   47    80   50    83   53
q    35   65    38   68    41   71    44   74    47   77    50   80    53   83
r    65   10    68   10    71   10    74   10    77   10    80   10    83   10
s    40   40    43   43    46   46    49   49    52   52    55   55    58   58
t    20   45    21   48    22   51    23   54    24   57    25   60    26   63
u    50   65    53   68    56   71    59   74    62   77    65   80    68   83
v    10   10    12   12    14   14    16   16    18   18    20   20    22   22
w    20   20    22   22    24   24    26   26    28   28    30   30    32   32
x    10   10    12   12    14   14    16   16    18   18    20   20    22   22
y    15   10    17   12    19   14    21   16    23   18    25   20    27   22
z    50   50    51   51    52   52    53   53    54   54    55   55    56   56
{    30   10    32   12    34   14    36   16    38   18    40   20    42   22
|    80   80    85   85    90   90    95   95   100  100   105  105   110  110
}    10   30    12   32    14   34    16   36    18   38    20   40    22   42
~    30   30    32   32    34   34    36   36    38   38    40   40    42   42
