#    black      heavy      bold       medium    regular     light      thin
# -----+----|-----+----|-----+----|-----+----|-----+----|-----+----|-----+----|

by        -5         -5         -5         -5         -5         -5         -5
ey       -10        -10        -10        -10        -10        -10        -10
fb        50         50         50         50         50         50         50
fh        50         50         50         50         50         50         50
fi        50         50         50         50         50         50         50
fk        50         50         50         50         50         50         50
fl        50         50         50         50         50         50         50
f|        50         50         50         50         50         50         50
gj       100        100        100        100        100        100        100
jj       105        105        105        105        105        105        105
oy       -10        -10        -10        -10        -10        -10        -10
py        -5         -5         -5         -5         -5         -5         -5
qj       140        144        148        152        156        160        164
yc       -20        -16        -12         -8         -4          0          4
yd       -15        -13        -12         -9         -7         -5         -3
ye       -20        -16        -12         -8         -4          0          4
yg       -15        -13        -12         -9         -7         -5         -3
yo       -20        -16        -12         -8         -4          0          4
yq       -15        -13        -12         -9         -7         -5         -3
|j       120        108         96         84         72         60         48
}j        50         48         46         44         42         40         38
