###  *  prefix 'w' means R is width instead of right sidebearing.
###  *  prefix '+' means L/R is relative from current value.
###     (use '+-1' to shift 1 unit left)
###
###  black      heavy      bold      medium     regular     light      thin
###----+----|-----+----|-----+----|-----+----|-----+----|-----+----|-----+----|
###  L |  R |   L |  R |   L |  R |   L |  R |   L |  R |   L |  R |   L |  R |

&    50    0    50    0    50    0    50    0    50    0    50    0    50    0
*    45   45    45   45    45   45    45   45    45   45    45   45    45   45
3    +0 w660    +0 w650    +0 w640    +0 w630    +0 w620    +0 w610    +0 w600
@    35   35    35   35    35   35    35   35    35   35    35   35    35   35
B    80   35    80   35    80   35    80   35    80   35    80   35    80   35
D    80   35    80   35    80   35    80   35    80   35    80   35    80   35
M    40   40    40   40    40   40    40   40    40   40    40   40    40   40
P    80   30    80   30    80   30    80   30    80   30    80   30    80   30
R    80   40    80   40    80   40    80   40    80   40    80   40    80   40
g    25   30    25   30    25   30    25   30    25   30    25   30    25   30
y    35   30    35   30    35   30    35   30    35   30    35   30    35   30

### Latin-1 Supplement
uni00B3   +0 w400    +0 w395    +0 w390    +0 w385    +0 w380    +0 w375    +0 w370
uni00BE   +0 w860    +0 w850    +0 w840    +0 w830    +0 w820    +0 w810    +0 w800
uni00D0   30   35    30   35    30   35    30   35    30   35    30   35    30   35
uni00FD   35   30    35   30    35   30    35   30    35   30    35   30    35   30
uni00FF   35   30    35   30    35   30    35   30    35   30    35   30    35   30

### Latin Extended-A
uni010E   80   35    80   35    80   35    80   35    80   35    80   35    80   35
uni0110   30   35    30   35    30   35    30   35    30   35    30   35    30   35
uni011D   25   30    25   30    25   30    25   30    25   30    25   30    25   30
uni011F   25   30    25   30    25   30    25   30    25   30    25   30    25   30
uni0121   25   30    25   30    25   30    25   30    25   30    25   30    25   30
uni0123   25   30    25   30    25   30    25   30    25   30    25   30    25   30
uni0177   35   30    35   30    35   30    35   30    35   30    35   30    35   30

### Latin Extended-B
uni0189   30   35    30   35    30   35    30   35    30   35    30   35    30   35
uni018A -140   35  -134   35  -128   35  -122   35  -114   35  -107   35  -100   35
uni019B   40   30    40   30    40   30    40   30    40   30    40   30    40   30
uni01B4   35    0    35    0    35    0    35    0    35    0    35    0    35    0
uni01C4   80   70    80   70    80   70    80   70    80   70    80   70    80   70
uni01C5   80   60    80   62    80   64    80   65    80   70    80   70    80   70
uni01E7   25   30    25   30    25   30    25   30    25   30    25   30    25   30
uni01F1   80   70    80   70    80   70    80   70    80   70    80   70    80   70
uni01F2   80   70    80   70    80   70    80   70    80   70    80   70    80   70
uni01F5   25   30    25   30    25   30    25   30    25   30    25   30    25   30
uni0233   35   30    35   30    35   30    35   30    35   30    35   30    35   30

### IPA Extensions
uni028e   30   35    30   35    30   35    30   35    30   35    30   35    30   35

### Spacing Modifier Letters
uni02B8   30   25    30   25    30   25    30   25    30   25    30   25    30   25

### Greek and Coptic
uni0392   80   35    80   35    80   35    80   35    80   35    80   35    80   35
uni039C   40   40    40   40    40   40    40   40    40   40    40   40    40   40
uni03A1   80   30    80   30    80   30    80   30    80   30    80   30    80   30
uni03BB   35   30    35   30    35   30    35   30    35   30    35   30    35   30

### Cyrillic
uni0409   30   40    30   40    30   40    30   40    30   40    30   40    30   40
uni0412   80   35    80   35    80   35    80   35    80   35    80   35    80   35
uni041C   40   40    40   40    40   40    40   40    40   40    40   40    40   40
uni0420   80   30    80   30    80   30    80   30    80   30    80   30    80   30
uni043C   40   40    40   40    40   40    40   40    40   40    40   40    40   40
uni0459   20   35    20   35    20   35    20   35    20   35    20   35    20   35

### Phonetic Extensions
uni1D05   70   35    70   35    70   35    70   35    70   35    70   35    70   35
uni1D30   75   30    75   30    75   30    75   30    75   30    75   30    75   30
uni1D39   35   35    35   35    35   35    35   35    35   35    35   35    35   35

### Latin Extended Additional
uni1E02   80   35    80   35    80   35    80   35    80   35    80   35    80   35
uni1E04   80   35    80   35    80   35    80   35    80   35    80   35    80   35
uni1E06   80   35    80   35    80   35    80   35    80   35    80   35    80   35
uni1E0A   80   35    80   35    80   35    80   35    80   35    80   35    80   35
uni1E0C   80   35    80   35    80   35    80   35    80   35    80   35    80   35
uni1E0E   80   35    80   35    80   35    80   35    80   35    80   35    80   35
uni1E12   80   35    80   35    80   35    80   35    80   35    80   35    80   35
uni1E20   35   70    35   70    35   70    35   70    35   70    35   70    35   70
uni1E3E   40   40    40   40    40   40    40   40    40   40    40   40    40   40
uni1E40   40   40    40   40    40   40    40   40    40   40    40   40    40   40
uni1E42   40   40    40   40    40   40    40   40    40   40    40   40    40   40
uni1E56   80   30    80   30    80   30    80   30    80   30    80   30    80   30
uni1E8F   35   30    35   30    35   30    35   30    35   30    35   30    35   30
uni1EF3   35   30    35   30    35   30    35   30    35   30    35   30    35   30
uni1EF5   35   15    35   30    35   30    35   30    35   30    35   30    35   30
uni1EF7   35   30    35   30    35   30    35   30    35   30    35   30    35   30
uni1EF9   35   30    35   30    35   30    35   30    35   30    35   30    35   30

### Greek Extended
uni1FEC    0   30     0   30     0   30     0   30     0   30     0   30     0   30

### Superscripts and Subscripts
uni2083   +0 w400    +0 w395    +0 w390    +0 w385    +0 w380    +0 w375    +0 w370

### Currency Symbols
uni20A8   80   55    80   55    80   55    80   55    80   55    80   55    80   55
uni20B0   80   70    80   70    80   70    80   70    80   70    80   70    80   70

### Letterlike Symbols
uni211E   80   50    80   50    80   50    80   50    80   50    80   50    80   50
