###  *  prefix 'w' means R is width instead of right sidebearing.
###  *  prefix '+' means L/R is relative from current value.
###     (use '+-1' to shift 1 unit left)
###
###  black      heavy      bold      medium     regular     light      thin
###----+----|-----+----|-----+----|-----+----|-----+----|-----+----|-----+----|
###  L |  R |   L |  R |   L |  R |   L |  R |   L |  R |   L |  R |   L |  R |
space 0  305     0  295     0  285     0  275     0  265     0  255     0  245

!   110  110   110  110   110  110   110  110   110  110   110  110   110  110
"    65   65    65   65    65   65    65   65    65   65    65   65    65   65
#    45   45    45   45    45   45    45   45    45   45    45   45    45   45
$    50   50    50   50    50   50    50   50    50   50    50   50    50   50
%    35   35    35   35    35   35    35   35    35   35    35   35    35   35
&    50    0    50    0    50    0    50    0    50    0    50    0    50    0
'    70   70    70   70    70   70    70   70    70   70    70   70    70   70
(    65   40    65   40    65   40    65   40    65   40    65   40    65   40
)    40   65    40   65    40   65    40   65    40   65    40   65    40   65
*    45   45    45   45    45   45    45   45    45   45    45   45    45   45
+    75   75    75   75    75   75    75   75    75   75    75   75    75   75
,    55   65    55   65    55   65    55   65    55   65    55   65    55   65
-    75   75    75   75    75   75    75   75    75   75    75   75    75   75
.    90   90    90   90    90   90    90   90    90   90    90   90    90   90
/    30   45    30   45    30   45    30   45    30   45    30   45    30   45
0    +0 w660    +0 w650    +0 w640    +0 w630    +0 w620    +0 w610    +0 w600
1    +0 w660    +0 w650    +0 w640    +0 w630    +0 w620    +0 w610    +0 w600
2    +0 w660    +0 w650    +0 w640    +0 w630    +0 w620    +0 w610    +0 w600
3    +0 w660    +0 w650    +0 w640    +0 w630    +0 w620    +0 w610    +0 w600
4    +0 w660    +0 w650    +0 w640    +0 w630    +0 w620    +0 w610    +0 w600
5    +0 w660    +0 w650    +0 w640    +0 w630    +0 w620    +0 w610    +0 w600
6    +0 w660    +0 w650    +0 w640    +0 w630    +0 w620    +0 w610    +0 w600
7    +0 w660    +0 w650    +0 w640    +0 w630    +0 w620    +0 w610    +0 w600
8    +0 w660    +0 w650    +0 w640    +0 w630    +0 w620    +0 w610    +0 w600
9    +0 w660    +0 w650    +0 w640    +0 w630    +0 w620    +0 w610    +0 w600
:   130  130   130  130   130  130   130  130   130  130   130  130   130  130
;    75  125    75  125    75  125    75  125    75  125    75  125    75  125
<    60   90    60   90    60   90    60   90    60   90    60   90    60   90
=    85   85    85   85    85   85    85   85    85   85    85   85    85   85
>    90   60    90   60    90   60    90   60    90   60    90   60    90   60
?    80   60    80   60    80   60    80   60    80   60    80   60    80   60
                                                                             
@    35   35    35   35    35   35    35   35    35   35    35   35    35   35
A    25   25    25   25    25   25    25   25    25   25    25   25    25   25
B    80   35    80   35    80   35    80   35    80   35    80   35    80   35
C    35   75    35   75    35   75    35   75    35   75    35   75    35   75
D    80   35    80   35    80   35    80   35    80   35    80   35    80   35
E    80   70    80   70    80   70    80   70    80   70    80   70    80   70
F    80   65    80   65    80   65    80   65    80   65    80   65    80   65
G    35   75    35   75    35   75    35   75    35   75    35   75    35   75
H    80   80    80   80    80   80    80   80    80   80    80   80    80   80
I    90   90    95   95   100  100   105  105   110  110   115  115   120  120
J    35   70    35   70    35   70    35   70    35   70    35   70    35   70
K    80   30    80   30    80   30    80   30    80   30    80   30    80   30
L    80   55    80   55    80   55    80   55    80   55    80   55    80   55
M    80   80    80   80    80   80    80   80    80   80    80   80    80   80
N    80   80    80   80    80   80    80   80    80   80    80   80    80   80
O    35   35    35   35    35   35    35   35    35   35    35   35    35   35
P    80   30    80   30    80   30    80   30    80   30    80   30    80   30
Q    35  -10    35  -10    35  -10    35  -10    35  -10    35  -10    35  -10
R    80   40    80   40    80   40    80   40    80   40    80   40    80   40
S    55   55    55   55    55   55    55   55    55   55    55   55    55   55
T    55   55    55   55    55   55    55   55    55   55    55   55    55   55
U    70   70    70   70    70   70    70   70    70   70    70   70    70   70
V    25   25    25   25    25   25    25   25    25   25    25   25    25   25
W    40   40    40   40    40   40    40   40    40   40    40   40    40   40
X    50   50    50   50    50   50    50   50    50   50    50   50    50   50
Y    25   25    25   25    25   25    25   25    25   25    25   25    25   25
Z    70   70    70   70    70   70    70   70    70   70    70   70    70   70
[   110   80   110   80   110   80   110   80   110   80   110   80   110   80
\    45   30    45   30    45   30    45   30    45   30    45   30    45   30
]    80  110    80  110    80  110    80  110    80  110    80  110    80  110
^    35   35    35   35    35   35    35   35    35   35    35   35    35   35
_     5    5     2    2    -1   -1    -4   -4    -7   -7   -10  -10   -13  -13
                                                                             
`    10   35    10   35    10   35    10   35    10   35    10   35    10   35
a    45   65    45   65    45   65    45   65    45   65    45   65    45   65
b    75   40    75   40    75   40    75   40    75   40    75   40    75   40
c    35   65    35   65    35   65    35   65    35   65    35   65    35   65
d    40   75    40   75    40   75    40   75    40   75    40   75    40   75
e    35   40    35   40    35   40    35   40    35   40    35   40    35   40
f    50   65    50   65    50   65    50   65    50   65    50   65    50   65
g    40   70    40   70    40   70    40   70    40   70    40   70    40   70
h    75   65    75   65    75   65    75   65    75   65    75   65    75   65
i    90   90    95   95   100  100   105  105   110  110   115  115   120  120
j   -15   90   -15   95   -15  100   -15  105   -15  110   -15  115   -15  120
k    75   40    75   40    75   40    75   40    75   40    75   40    75   40
l    90   90    95   95   100  100   105  105   110  110   115  115   120  120
m    70   65    70   65    70   65    70   65    70   65    70   65    70   65
n    70   65    70   65    70   65    70   65    70   65    70   65    70   65
o    35   35    35   35    35   35    35   35    35   35    35   35    35   35
p    70   40    70   40    70   40    70   40    70   40    70   40    70   40
q    40   70    40   70    40   70    40   70    40   70    40   70    40   70
r    70   50    70   50    70   50    70   50    70   50    70   50    70   50
s    55   55    55   55    55   55    55   55    55   55    55   55    55   55
t    45   70    45   70    45   70    45   70    45   70    45   70    45   70
u    65   70    65   70    65   70    65   70    65   70    65   70    65   70
v    30   30    30   30    30   30    30   30    30   30    30   30    30   30
w    40   40    40   40    40   40    40   40    40   40    40   40    40   40
x    45   45    45   45    45   45    45   45    45   45    45   45    45   45
y    30   30    30   30    30   30    30   30    30   30    30   30    30   30
z    70   70    70   70    70   70    70   70    70   70    70   70    70   70
{    55   85    55   85    55   85    55   85    55   85    55   85    55   85
|   130  130   130  130   130  130   130  130   130  130   130  130   130  130
}    85   55    85   55    85   55    85   55    85   55    85   55    85   55
~    50   50    50   50    50   50    50   50    50   50    50   50    50   50

### Latin-1 Supplement
uni00A0    0  305     0  295     0  285     0  275     0  265     0  255     0  245
uni00A2   35   60    35   60    35   60    35   60    35   60    35   60    35   60
uni00A3   70   70    70   70    70   70    70   70    70   70    70   70    70   70
uni00A5   30   30    30   30    30   30    30   30    30   30    30   30    30   30
uni00A7   55   55    55   55    55   55    55   55    55   55    55   55    55   55
###
uni00A9   35   35    35   35    35   35    35   35    35   35    35   35    35   35
uni00AA   85   85    85   85    85   85    85   85    85   85    85   85    85   85
###
uni00B2   +0 w400    +0 w395    +0 w390    +0 w385    +0 w380    +0 w375    +0 w370
uni00B3   +0 w400    +0 w395    +0 w390    +0 w385    +0 w380    +0 w375    +0 w370
uni00B5   70   70    70   70    70   70    70   70    70   70    70   70    70   70
###
uni00B8   45   70    45   70    45   70    45   70    45   70    45   70    45   70
uni00B9   +0 w400    +0 w395    +0 w390    +0 w385    +0 w380    +0 w375    +0 w370
uni00BA   85   85    85   85    85   85    85   85    85   85    85   85    85   85
uni00BC   +0 w860    +0 w850    +0 w840    +0 w830    +0 w820    +0 w810    +0 w800
uni00BD   +0 w860    +0 w850    +0 w840    +0 w830    +0 w820    +0 w810    +0 w800
uni00BE   +0 w860    +0 w850    +0 w840    +0 w830    +0 w820    +0 w810    +0 w800
uni00BF   60   60    60   60    60   60    60   60    60   60    60   60    60   60
###
uni00C0   25   25    25   25    25   25    25   25    25   25    25   25    25   25
uni00C1   25   25    25   25    25   25    25   25    25   25    25   25    25   25
uni00C2   25   25    25   25    25   25    25   25    25   25    25   25    25   25
uni00C3   25   25    25   25    25   25    25   25    25   25    25   25    25   25
uni00C4   25   25    25   25    25   25    25   25    25   25    25   25    25   25
uni00C5   25   25    25   25    25   25    25   25    25   25    25   25    25   25
uni00C6   25   70    25   70    25   70    25   70    25   70    25   70    25   70
uni00C7   35   75    35   75    35   75    35   75    35   75    35   75    35   75
###
uni00D0   30   35    30   35    30   35    30   35    30   35    30   35    30   35
uni00D1   80   80    80   80    80   80    80   80    80   80    80   80    80   80
uni00D2   35   35    35   35    35   35    35   35    35   35    35   35    35   35
uni00D3   35   35    35   35    35   35    35   35    35   35    35   35    35   35
uni00D4   35   35    35   35    35   35    35   35    35   35    35   35    35   35
uni00D5   35   35    35   35    35   35    35   35    35   35    35   35    35   35
uni00D6   35   35    35   35    35   35    35   35    35   35    35   35    35   35
###
uni00D8   40   40    40   40    40   40    40   40    40   40    40   40    40   40
uni00D9   70   70    70   70    70   70    70   70    70   70    70   70    70   70
uni00DA   70   70    70   70    70   70    70   70    70   70    70   70    70   70
uni00DB   70   70    70   70    70   70    70   70    70   70    70   70    70   70
uni00DC   70   70    70   70    70   70    70   70    70   70    70   70    70   70
uni00DD   25   25    25   25    25   25    25   25    25   25    25   25    25   25
uni00DF   75   35    75   35    75   35    75   35    75   35    75   35    75   35
###
uni00E0   45   65    45   65    45   65    45   65    45   65    45   65    45   65
uni00E1   45   65    45   65    45   65    45   65    45   65    45   65    45   65
uni00E2   45   65    45   65    45   65    45   65    45   65    45   65    45   65
uni00E3   45   65    45   65    45   65    45   65    45   65    45   65    45   65
uni00E4   45   65    45   65    45   65    45   65    45   65    45   65    45   65
uni00E5   45   65    45   65    45   65    45   65    45   65    45   65    45   65
uni00E6   45   40    45   40    45   40    45   40    45   40    45   40    45   40
uni00E7   35   65    35   65    35   65    35   65    35   65    35   65    35   65
###
uni00E8   35   40    35   40    35   40    35   40    35   40    35   40    35   40
uni00E9   35   40    35   40    35   40    35   40    35   40    35   40    35   40
uni00EA   35   40    35   40    35   40    35   40    35   40    35   40    35   40
uni00EB   35   40    35   40    35   40    35   40    35   40    35   40    35   40
uni00EC  -35   90   -31   95   -27  100   -23  105   -17  110   -11  115    -5  120
uni00ED   90  -35    95  -31   100  -27   105  -23   110  -17   115  -11   120   -5
uni00EE  -50  -50   -49  -49   -48  -48   -47  -47   -43  -43   -39  -39   -35  -35
uni00EF  -10  -10    -4   -4     2    2     8    8    12   12    16   16    20   20
###
uni00F0   40   40    40   40    40   40    40   40    40   40    40   40    40   40
uni00F1   70   65    70   65    70   65    70   65    70   65    70   65    70   65
uni00F2   35   35    35   35    35   35    35   35    35   35    35   35    35   35
uni00F3   35   35    35   35    35   35    35   35    35   35    35   35    35   35
uni00F4   35   35    35   35    35   35    35   35    35   35    35   35    35   35
uni00F5   35   35    35   35    35   35    35   35    35   35    35   35    35   35
uni00F6   35   35    35   35    35   35    35   35    35   35    35   35    35   35
###
uni00F8   40   40    40   40    40   40    40   40    40   40    40   40    40   40
uni00F9   65   70    65   70    65   70    65   70    65   70    65   70    65   70
uni00FA   65   70    65   70    65   70    65   70    65   70    65   70    65   70
uni00FB   65   70    65   70    65   70    65   70    65   70    65   70    65   70
uni00FC   65   70    65   70    65   70    65   70    65   70    65   70    65   70
uni00FD   30   30    30   30    30   30    30   30    30   30    30   30    30   30
uni00FE   70   40    70   40    70   40    70   40    70   40    70   40    70   40
uni00FF   30   30    30   30    30   30    30   30    30   30    30   30    30   30

### Latin Extended-A
uni0100   25   25    25   25    25   25    25   25    25   25    25   25    25   25
uni0101   45   65    45   65    45   65    45   65    45   65    45   65    45   65
uni0102   25   25    25   25    25   25    25   25    25   25    25   25    25   25
uni0103   45   65    45   65    45   65    45   65    45   65    45   65    45   65
uni0104   25  -30    25  -38    25  -45    25  -52    25  -60    25  -67    25  -74
uni0105   45  -35    45  -32    45  -29    45  -27    45  -30    45  -32    45  -34
uni0106   35   75    35   75    35   75    35   75    35   75    35   75    35   75
uni0107   35   65    35   65    35   65    35   65    35   65    35   65    35   65
###
uni0108   35   75    35   75    35   75    35   75    35   75    35   75    35   75
uni0109   35   65    35   65    35   65    35   65    35   65    35   65    35   65
uni010A   35   75    35   75    35   75    35   75    35   75    35   75    35   75
uni010B   35   65    35   65    35   65    35   65    35   65    35   65    35   65
uni010C   35   75    35   75    35   75    35   75    35   75    35   75    35   75
uni010D   35   65    35   65    35   65    35   65    35   65    35   65    35   65
uni010E   80   35    80   35    80   35    80   35    80   35    80   35    80   35
uni010F   40    0    40    0    40    0    40    0    40    0    40    0    40    0
###
uni0110   30   35    30   35    30   35    30   35    30   35    30   35    30   35
uni0111   40   30    40   30    40   30    40   30    40   30    40   30    40   30
uni0113   35   40    35   40    35   40    35   40    35   40    35   40    35   40
uni0115   35   40    35   40    35   40    35   40    35   40    35   40    35   40
uni0117   35   40    35   40    35   40    35   40    35   40    35   40    35   40
###
uni0118   80   70    80   70    80   70    80   70    80   70    80   70    80   70
uni0119   35   40    35   40    35   40    35   40    35   40    35   40    35   40
uni011B   35   40    35   40    35   40    35   40    35   40    35   40    35   40
uni011C   35   75    35   75    35   75    35   75    35   75    35   75    35   75
uni011D   40   70    40   70    40   70    40   70    40   70    40   70    40   70
uni011E   35   75    35   75    35   75    35   75    35   75    35   75    35   75
uni011F   40   70    40   70    40   70    40   70    40   70    40   70    40   70
###
uni0120   35   75    35   75    35   75    35   75    35   75    35   75    35   75
uni0121   40   70    40   70    40   70    40   70    40   70    40   70    40   70
uni0122   35   75    35   75    35   75    35   75    35   75    35   75    35   75
uni0123   40   70    40   70    40   70    40   70    40   70    40   70    40   70
uni0124   80   80    80   80    80   80    80   80    80   80    80   80    80   80
uni0125   75   65    75   65    75   65    75   65    75   65    75   65    75   65
uni0126   30   30    30   30    30   30    30   30    30   30    30   30    30   30
uni0127   30   65    30   65    30   65    30   65    30   65    30   65    30   65
###
uni0129  -30  -30   -33  -33   -35  -35   -37  -37   -36  -36   -36  -36   -35  -35
uni012B  -10  -10   -14  -14   -18  -18   -22  -22   -25  -25   -28  -28   -30  -30
uni012D  -30  -30   -33  -33   -35  -35   -37  -37   -36  -36   -36  -36   -35  -35
uni012E   45   35    35   36    26   37    17   38    14   33    12   27    10   21
uni012F   37   22    30   22    24   23    18   23    15   22    12   22    10   21
###
uni0131   90   90    95   95   100  100   105  105   110  110   115  115   120  120
uni0132   90   80    95   85   100   90   105   95   110  100   115  105   120  110
uni0133   90   90    95   95   100  100   105  105   110  110   115  115   120  120
uni0134   20  -45    20  -45    20  -45    20  -45    20  -40    20  -35    20  -30
uni0135  -25  -45   -23  -45   -21  -45   -20  -45   -23  -40   -26  -35   -30  -30
uni0136   80   30    80   30    80   30    80   30    80   30    80   30    80   30
uni0137   75   40    75   40    75   40    75   40    75   40    75   40    75   40
###
uni0138   70   40    70   40    70   40    70   40    70   40    70   40    70   40
uni0139   80   55    80   55    80   55    80   55    80   55    80   55    80   55
uni013A   90  -30    95  -33   100  -36   105  -39   110  -28   115  -17   120   -5
uni013B   80   55    80   55    80   55    80   55    80   55    80   55    80   55
uni013C   45   90    46   86    47   82    48   78    58   81    69   83    80   85
uni013D   80   60    80   60    80   60    80   60    80   60    80   60    80   60
uni013E   90   10    95   12   100   14   105   16   110   18   115   20   120   22
uni013F   80   60    80   60    80   60    80   60    80   60    80   60    80   60
###
uni0140   90   50    95   52   100   54   105   56   110   58   115   60   120   62
uni0141   20   55    20   55    20   55    20   55    20   55    20   55    20   55
uni0142   20   20    22   22    24   24    26   26    28   28    30   30    32   32
uni0143   80   80    80   80    80   80    80   80    80   80    80   80    80   80
uni0144   70   65    70   65    70   65    70   65    70   65    70   65    70   65
uni0145   80   80    80   80    80   80    80   80    80   80    80   80    80   80
uni0146   70   65    70   65    70   65    70   65    70   65    70   65    70   65
uni0147   80   80    80   80    80   80    80   80    80   80    80   80    80   80
###
uni0148   70   65    70   65    70   65    70   65    70   65    70   65    70   65
uni0149   30   65    30   65    30   65    30   65    30   65    30   65    30   65
uni014A   80   80    80   80    80   80    80   80    80   80    80   80    80   80
uni014B   70   65    70   65    70   65    70   65    70   65    70   65    70   65
uni014C   35   35    35   35    35   35    35   35    35   35    35   35    35   35
uni014D   35   35    35   35    35   35    35   35    35   35    35   35    35   35
uni014E   35   35    35   35    35   35    35   35    35   35    35   35    35   35
uni014F   35   35    35   35    35   35    35   35    35   35    35   35    35   35
###
uni0150   35   35    35   35    35   35    35   35    35   35    35   35    35   35
uni0151   35   -5    35    3    35   11    35   20    35   34    35   35    35   61
uni0152   35   70    35   70    35   70    35   70    35   70    35   70    35   70
uni0153   35   40    35   40    35   40    35   40    35   40    35   40    35   40
uni0155   70   50    70   50    70   50    70   50    70   50    70   50    70   50
uni0157   70   50    70   50    70   50    70   50    70   50    70   50    70   50
###
uni0159    0   50    -5   50   -10   50   -15   45    -8   50    -1   50     5   50
uni015A   55   55    55   55    55   55    55   55    55   55    55   55    55   55
uni015B   55   55    55   55    55   55    55   55    55   55    55   55    55   55
uni015C   55   55    55   55    55   55    55   55    55   55    55   55    55   55
uni015D   45   35    45   38    45   41    45   45    50   54    55   55    55   55
uni015E   55   55    55   55    55   55    55   55    55   55    55   55    55   55
uni015F   55   55    55   55    55   55    55   55    55   55    55   55    55   55
###
uni0160   55   55    55   55    55   55    55   55    55   55    55   55    55   55
uni0161   45   35    45   38    45   41    45   45    50   54    55   55    55   55
uni0162   55   55    55   55    55   55    55   55    55   55    55   55    55   55
uni0163   45   70    45   70    45   70    45   70    45   70    45   70    45   70
uni0164   55   55    55   55    55   55    55   55    55   55    55   55    55   55
uni0165   45   20    45   20    45   20    45   20    45   20    45   20    45   20
uni0166   60   60    60   60    60   60    60   60    60   60    60   60    60   60
uni0167   50   75    50   75    50   75    50   75    50   75    50   75    50   75
###
uni0168   70   70    70   70    70   70    70   70    70   70    70   70    70   70
uni0169   65   70    65   70    65   70    65   70    65   70    65   70    65   70
uni016A   70   70    70   70    70   70    70   70    70   70    70   70    70   70
uni016B   65   70    65   70    65   70    65   70    65   70    65   70    65   70
uni016C   70   70    70   70    70   70    70   70    70   70    70   70    70   70
uni016D   65   70    65   70    65   70    65   70    65   70    65   70    65   70
uni016E   70   70    70   70    70   70    70   70    70   70    70   70    70   70
uni016F   65   70    65   70    65   70    65   70    65   70    65   70    65   70
###
uni0170   70   50    70   57    70   64    70   70    70   70    70   70    70   70
uni0171   65   10    65   13    65   16    65   20    65   30    65   40    65   50
uni0172   70   70    70   70    70   70    70   70    70   70    70   70    70   70
uni0173   65  -10    65  -13    65  -16    65  -20    65  -26    65  -32    65  -39
uni0174   40   40    40   40    40   40    40   40    40   40    40   40    40   40
uni0175   40   40    40   40    40   40    40   40    40   40    40   40    40   40
uni0176   25   25    25   25    25   25    25   25    25   25    25   25    25   25
uni0177   30   30    30   30    30   30    30   30    30   30    30   30    30   30
###
uni0178   25   25    25   25    25   25    25   25    25   25    25   25    25   25
uni0179   70   70    70   70    70   70    70   70    70   70    70   70    70   70
uni017A   70   70    70   70    70   70    70   70    70   70    70   70    70   70
uni017B   70   70    70   70    70   70    70   70    70   70    70   70    70   70
uni017C   70   70    70   70    70   70    70   70    70   70    70   70    70   70
uni017D   70   70    70   70    70   70    70   70    70   70    70   70    70   70
uni017E   60   60    65   65    70   70    70   70    70   70    70   70    70   70
uni017F   85   30    90   35    95   40   100   45   105   50   110   55   115   60

### Latin Extended-B
uni0180   30   40    30   40    30   40    30   40    30   40    30   40    30   40
uni0186   75   35    75   35    75   35    75   35    75   35    75   35    75   35
###
uni0189   30   35    30   35    30   35    30   35    30   35    30   35    30   35
uni018A -140   35  -134   35  -128   35  -122   35  -114   35  -107   35  -100   35
uni018E   70   80    70   80    70   80    70   80    70   80    70   80    70   80
uni018F   40   35    40   35    40   35    40   35    40   35    40   35    40   35
###
uni0190   45   35    45   35    45   35    45   35    45   35    45   35    45   35
uni0191  -55   65   -62   65   -69   65   -77   65   -89   65  -112   65  -115   65
uni0192   25   65    17   65     10  65     3   65     3   65     4   65     5   65
uni0193   35  -21    35  -29    35  -38    35  -47    35  -60    35  -72    35  -85
###
uni0198   80   25    80   25    80   25    80   25    80   25    80   25    80   25
uni0199   75   40    75   40    75   40    75   40    75   40    75   40    75   40
uni019A   50   50    50   50    50   50    50   50    50   50    50   50    50   50
uni019B   35   30    35   30    35   30    35   30    35   30    35   30    35   30
uni019D  -56   80   -63   80   -70   80   -78   80   -90   80  -102   80  -115   80
uni019E   70   65    70   65    70   65    70   65    70   65    70   65    70   65
uni019F   35   35    35   35    35   35    35   35    35   35    35   35    35   35
###
uni01A0   35    0    35    0    35    0    35    0    35    0    35    0    35    0
uni01A1   35    0    35    0    35    0    35    0    35    0    35    0    35    0
###
uni01AF   70    0    70    0    70    0    70    0    70    0    70    0    70    0
###
uni01B0   65    0    65    0    65    0    65    0    65    0    65    0    65    0
uni01B1   50   50    50   50    50   50    50   50    50   50    50   50    50   50
uni01B3   25    0    25    0    25    0    25    0    25    0    25    0    25    0
uni01B4   30    0    30    0    30    0    30    0    30    0    30    0    30    0
uni01B5   75   75    75   75    75   75    75   75    75   75    75   75    75   75
uni01B6   75   75    75   75    75   75    75   75    75   75    75   75    75   75
###
uni01C4   80   70    80   70    80   70    80   70    80   70    80   70    80   70
uni01C5   80   60    80   62    80   64    80   65    80   70    80   70    80   70
uni01C6   40   60    40   62    40   64    40   65    40   70    40   70    40   70
uni01C7   80   70    80   70    80   70    80   70    80   70    80   70    80   70
###
uni01C8   80   90    80   95    80  100    80  105    80  110    80  115    80  120
uni01C9   90   90    95   95   100  100   105  105   110  110   115  115   120  120
uni01CA   80   70    80   70    80   70    80   70    80   70    80   70    80   70
uni01CB   80   90    80   95    80  100    80  105    80  110    80  115    80  120
uni01CC   70   90    70   95    70  100    70  105    70  110    70  115    70  120
uni01CD   25   25    25   25    25   25    25   25    25   25    25   25    25   25
uni01CE   45   60    45   65    45   65    45   65    45   65    45   65    45   65
###
uni01D0  -50  -50   -49  -49   -48  -48   -47  -47   -43  -43   -39  -39   -35  -35
uni01D1   35   35    35   35    35   35    35   35    35   35    35   35    35   35
uni01D2   35   35    35   35    35   35    35   35    35   35    35   35    35   35
uni01D3   70   70    70   70    70   70    70   70    70   70    70   70    70   70
uni01D4   65   70    65   70    65   70    65   70    65   70    65   70    65   70
uni01D5   70   70    70   70    70   70    70   70    70   70    70   70    70   70
uni01D6   65   70    65   70    65   70    65   70    65   70    65   70    65   70
uni01D7   70   70    70   70    70   70    70   70    70   70    70   70    70   70
###
uni01D8   65   70    65   70    65   70    65   70    65   70    65   70    65   70
uni01D9   70   70    70   70    70   70    70   70    70   70    70   70    70   70
uni01DA   65   70    65   70    65   70    65   70    65   70    65   70    65   70
uni01DB   70   70    70   70    70   70    70   70    70   70    70   70    70   70
uni01DC   65   70    65   70    65   70    65   70    65   70    65   70    65   70
uni01DD   40   35    40   35    40   35    40   35    40   35    40   35    40   35
uni01DE   25   25    25   25    25   25    25   25    25   25    25   25    25   25
uni01DF   45   65    45   65    45   65    45   65    45   65    45   65    45   65
###
uni01E0   25   25    25   25    25   25    25   25    25   25    25   25    25   25
uni01E1   45   65    45   65    45   65    45   65    45   65    45   65    45   65
uni01E2   25   70    25   70    25   70    25   70    25   70    25   70    25   70
uni01E3   45   40    45   40    45   40    45   40    45   40    45   40    45   40
uni01E6   35   75    35   75    35   75    35   75    35   75    35   75    35   75
uni01E7   40   70    40   70    40   70    40   70    40   70    40   70    40   70
###
uni01E8   80   30    80   30    80   30    80   30    80   30    80   30    80   30
uni01E9   75   40    75   40    75   40    75   40    75   40    75   40    75   40
uni01EA   35   35    35   35    35   35    35   35    35   35    35   35    35   35
uni01EB   35   35    35   35    35   35    35   35    35   35    35   35    35   35
uni01EC   35   35    35   35    35   35    35   35    35   35    35   35    35   35
uni01ED   35   35    35   35    35   35    35   35    35   35    35   35    35   35
uni01EF   70   70    70   70    70   70    70   70    70   70    70   70    70   70
###
uni01F0  -25  -45   -23  -45   -21  -45   -20  -45   -23  -40   -26  -35   -30  -30
uni01F1   80   70    80   70    80   70    80   70    80   70    80   70    80   70
uni01F2   80   70    80   70    80   70    80   70    80   70    80   70    80   70
uni01F3   40   70    40   70    40   70    40   70    40   70    40   70    40   70
uni01F4   35   75    35   75    35   75    35   75    35   75    35   75    35   75
uni01F5   40   70    40   70    40   70    40   70    40   70    40   70    40   70
###
uni01F8   80   80    80   80    80   80    80   80    80   80    80   80    80   80
uni01F9   70   65    70   65    70   65    70   65    70   65    70   65    70   65
uni01FA   25   25    25   25    25   25    25   25    25   25    25   25    25   25
uni01FB   45   65    45   65    45   65    45   65    45   65    45   65    45   65
uni01FC   25   70    25   70    25   70    25   70    25   70    25   70    25   70
uni01FD   45   40    45   40    45   40    45   40    45   40    45   40    45   40
uni01FE   40   40    40   40    40   40    40   40    40   40    40   40    40   40
uni01FF   40   40    40   40    40   40    40   40    40   40    40   40    40   40
###
uni0218   55   55    55   55    55   55    55   55    55   55    55   55    55   55
uni0219   55   55    55   55    55   55    55   55    55   55    55   55    55   55
uni021A   55   55    55   55    55   55    55   55    55   55    55   55    55   55
uni021B   45   70    45   70    45   70    45   70    45   70    45   70    45   70
uni021C   25   35    25   35    25   35    25   35    25   35    25   35    25   35
uni021D   25   35    25   35    25   35    25   35    25   35    25   35    25   35
uni021E   80   80    80   80    80   80    80   80    80   80    80   80    80   80
uni021F   75   65    75   65    75   65    75   65    75   65    75   65    75   65
###
uni0230   35   35    35   35    35   35    35   35    35   35    35   35    35   35
uni0231   35   35    35   35    35   35    35   35    35   35    35   35    35   35
uni0232   25   25    25   25    25   25    25   25    25   25    25   25    25   25
uni0233   30   30    30   30    30   30    30   30    30   30    30   30    30   30
uni0237  -30   90   -30   95   -30  100   -30  105   -30  110   -30  115   -30  120
###
uni023D   30   55    30   55    30   55    30   55    30   55    30   55    30   55

### IPA Extensions
uni0250   65   45    65   45    65   45    65   45    65   45    65   45    65   45
uni0251   40   70    40   70    40   70    40   70    40   70    40   70    40   70
uni0252   70   40    70   40    70   40    70   40    70   40    70   40    70   40
uni0253   70   40    70   40    70   40    70   40    70   40    70   40    70   40
uni0254   65   35    65   35    65   35    65   35    65   35    65   35    65   35
uni0255   35   40    35   40    35   40    35   40    35   40    35   40    35   40
uni0256   40  -60    40  -68    40  -75    40  -83    40  -94    40 -105    40 -115
uni0257   40  -60    40  -68    40  -75    40  -83    40  -94    40 -105    40 -115
###
uni0258   40   35    40   35    40   35    40   35    40   35    40   35    40   35
uni0259   40   35    40   35    40   35    40   35    40   35    40   35    40   35
uni025A   35   20    35   20    35   20    35   20    35   20    35   20    35   20
uni025B   40   40    40   40    40   40    40   40    40   40    40   40    40   40
uni025C   40   40    40   40    40   40    40   40    40   40    40   40    40   40
uni025D   40   30    40   30    40   30    40   30    40   30    40   30    40   30
uni025F   45   50    48   50    50   50    50   50    50   50    50   50    50   50
###
uni0260   40    0    40    0    40    0    40    0    40    0    40    0    40    0
uni0261   40   70    40   70    40   70    40   70    40   70    40   70    40   70
uni0262   35   65    35   65    35   65    35   65    35   65    35   65    35   65
uni0264   40   40    40   40    40   40    40   40    40   40    40   40    40   40
uni0265   65   75    65   75    65   75    65   75    65   75    65   75    65   75
uni0266   70   65    70   65    70   65    70   65    70   65    70   65    70   65
uni0267   70   65    70   65    70   65    70   65    70   65    70   65    70   65
###
uni0268   50   50    50   50    50   50    50   50    50   50    50   50    50   50
uni0269   85   45    90   50    95   55   100   60   105   65   110   70   115   75
uni026B   50   50    50   50    50   50    50   50    50   50    50   50    50   50
uni026C   30   50    30   50    30   50    30   50    30   50    30   50    30   50
uni026D   90  -70    95  -72   100  -74   105  -75   110  -77   115  -79   120  -80
uni026E   80   70    80   70    80   70    80   70    80   70    80   70    80   70
uni026F   65   70    65   70    65   70    65   70    65   70    65   70    65   70
###
uni0270   65   70    65   70    65   70    65   70    65   70    65   70    65   70
uni0271   70   65    70   65    70   65    70   65    70   65    70   65    70   65
uni0272  -65   65   -73   65   -80   65   -88   65   -99   65  -110   65  -120   65
uni0273   70  -70    70  -78    70  -85    70  -93    70 -104    70 -115    70 -125
uni0274   70   70    70   70    70   70    70   70    70   70    70   70    70   70
uni0275   35   35    35   35    35   35    35   35    35   35    35   35    35   35
uni0276   35   70    35   70    35   70    35   70    35   70    35   70    35   70
uni0277   35   35    35   35    35   35    35   35    35   35    35   35    35   35
###
uni0278   35   35    35   35    35   35    35   35    35   35    35   35    35   35
uni0279   50   70    50   70    50   70    50   70    50   70    50   70    50   70
uni027A   50   75    50   75    50   75    50   75    50   75    50   75    50   75
uni027B   50    0    50    0    50    0    50    0    50    0    50    0    50    0
uni027C   70   50    70   50    70   50    70   50    70   50    70   50    70   50
uni027D   70   50    70   50    70   50    70   50    70   50    70   50    70   50
uni027E   65   50    65   50    65   50    65   50    65   50    65   50    65   50
uni027F   50   65    50   65    50   65    50   65    50   65    50   65    50   65
###
uni0282   60   55    60   55    60   55    60   55    60   55    60   55    60   55
uni0283  -70  -70   -72  -72   -74  -74   -75  -75   -77  -77   -79  -79   -80  -80
uni0284   50   65    50   65    50   65    50   65    50   65    50   65    50   65
uni0285   50   50    50   50    50   50    50   50    50   50    50   50    50   50
uni0286    0   10     0   10     0   10     0   10     0   10     0   10     0   10
uni0287   70   45    70   45    70   45    70   45    70   45    70   45    70   45
###
uni0288   45   70    45   70    45   70    45   70    45   70    45   70    45   70
uni0289   45   45    45   45    45   45    45   45    45   45    45   45    45   45
uni028B   65   50    65   50    65   50    65   50    65   50    65   50    65   50
uni028C   30   30    30   30    30   30    30   30    30   30    30   30    30   30
uni028D   40   40    40   40    40   40    40   40    40   40    40   40    40   40
uni028E   30   30    30   30    30   30    30   30    30   30    30   30    30   30
uni028F   25   25    25   25    25   25    25   25    25   25    25   25    25   25
###
uni0290   70  -70    70  -75    70  -81    70  -87    70  -98    70 -109    70 -120
uni0291   70   30    70   30    70   30    70   30    70   30    70   30    70   30
uni0292   70   70    70   70    70   70    70   70    70   70    70   70    70   70
uni0293   40   70    45   70    50   70    55   70    60   70    65   70    70   70
uni0294   45   50    45   50    45   50    45   50    45   50    45   50    45   50
uni0295   50   45    50   45    50   45    50   45    50   45    50   45    50   45
uni0296   45   50    45   50    45   50    45   50    45   50    45   50    45   50
uni0297   50   50    50   50    50   50    50   50    50   50    50   50    50   50
###
uni0298   35   35    35   35    35   35    35   35    35   35    35   35    35   35
uni029B   35  -35    35  -43    35  -50    35  -58    35  -70    35  -82    35  -94
uni029C   70   70    70   70    70   70    70   70    70   70    70   70    70   70
uni029D    0    0     0    0     0    0     0    0     0    0     0    0     0    0
uni029E   40   70    40   70    40   70    40   70    40   70    40   70    40   70
uni029F   70   45    70   45    70   45    70   45    70   45    70   45    70   45
###
uni02A0   40  -85    40  -90    40  -95    40 -100    40 -110    40 -120    40 -130
uni02A1   50   55    50   55    50   55    50   55    50   55    50   55    50   55
uni02A2   55   50    55   50    55   50    55   50    55   50    55   50    55   50
uni02A3   40   70    40   70    40   70    40   70    40   70    40   70    40   70
uni02A4   40   70    40   70    40   70    40   70    40   70    40   70    40   70
uni02A5   40   30    40   30    40   30    40   30    40   30    40   30    40   30
uni02A6   45   55    45   55    45   55    45   55    45   55    45   55    45   55
uni02A7   45   10    45   10    45   10    45   10    45   10    45   10    45   10
###
uni02A8   45   40    45   40    45   40    45   40    45   40    45   40    45   40
uni02A9   50   65    50   65    50   65    50   65    50   65    50   65    50   65
uni02AA   80   55    80   55    80   55    80   55    80   55    80   55    80   55
uni02AB   80   70    80   70    80   70    80   70    80   70    80   70    80   70
uni02AE  -65   70   -72   70   -80   70   -87   70   -98   70  -109   70  -120   70
uni02AF  -65  -65   -72  -72   -80  -80   -87  -87   -98  -98  -109 -109  -120 -120

### Spacing Modifier Letters
uni02B0   70   60    70   60    70   60    70   60    70   60    70   60    70   60
uni02B1   70   60    70   60    70   60    70   60    70   60    70   60    70   60
uni02B2   50   85    50   85    50   85    50   85    50   85    50   85    50   85
uni02B3   65   45    65   45    65   45    65   45    65   45    65   45    65   45
uni02B4   45   65    45   65    45   65    45   65    45   65    45   65    45   65
uni02B5   45   45    45   45    45   45    45   45    45   45    45   45    45   45
uni02B7   35   35    35   35    35   35    35   35    35   35    35   35    35   35
###
uni02B8   25   25    25   25    25   25    25   25    25   25    25   25    25   25
###
uni02C0   40   45    40   45    40   45    40   45    40   45    40   45    40   45
uni02C1   45   40    45   40    45   40    45   40    45   40    45   40    45   40
###
uni02DB   70   45    70   45    70   45    70   45    70   45    70   45    70   45
uni02DE   35   35    35   35    35   35    35   35    35   35    35   35    35   35
###
uni02E1   85   85    90   90    95   95   100  100   105  105   110  110   115  115
uni02E2   50   50    50   50    50   50    50   50    50   50    50   50    50   50
uni02E3   40   40    40   40    40   40    40   40    40   40    40   40    40   40
uni02E4   45   40    45   40    45   40    45   40    45   40    45   40    45   40

### Greek and Coptic
uni0372   60   60    60   60    60   60    60   60    60   60    60   60    60   60
uni0373   55   55    55   55    55   55    55   55    55   55    55   55    55   55
###
uni0386   20   25    20   25    20   25    20   25    20   25    20   25    20   25
###
uni0389   20   80    20   80    20   80    20   80    20   80    20   80    20   80
uni038C   20   35    20   35    20   35    20   35    20   35    20   35    20   35
uni038E   20   25    20   25    20   25    20   25    20   25    20   25    20   25
uni038F   20   50    20   50    20   50    20   50    20   50    20   50    20   50
###
uni0390   60   40    60   40    60   40    60   40    60   40    60   40    60   40
uni0391   25   25    25   25    25   25    25   25    25   25    25   25    25   25
uni0392   80   35    80   35    80   35    80   35    80   35    80   35    80   35
uni0394   25   25    25   25    25   25    25   25    25   25    25   25    25   25
uni0396   70   70    70   70    70   70    70   70    70   70    70   70    70   70
uni0397   80   80    80   80    80   80    80   80    80   80    80   80    80   80
###
uni0398   35   35    35   35    35   35    35   35    35   35    35   35    35   35
uni039A   80   30    80   30    80   30    80   30    80   30    80   30    80   30
uni039B   25   25    25   25    25   25    25   25    25   25    25   25    25   25
uni039C   80   80    80   80    80   80    80   80    80   80    80   80    80   80
uni039D   80   80    80   80    80   80    80   80    80   80    80   80    80   80
uni039F   80   80    80   80    80   80    80   80    80   80    80   80    80   80
###
uni03A0   80   80    80   80    80   80    80   80    80   80    80   80    80   80
uni03A1   80   30    80   30    80   30    80   30    80   30    80   30    80   30
uni03A4   55   55    55   55    55   55    55   55    55   55    55   55    55   55
uni03A5   25   25    25   25    25   25    25   25    25   25    25   25    25   25
uni03A6   30   30    30   30    30   30    30   30    30   30    30   30    30   30
uni03A7   50   50    50   50    50   50    50   50    50   50    50   50    50   50
###
uni03A8   65   65    65   65    65   65    65   65    65   65    65   65    65   65
uni03A9   50   50    50   50    50   50    50   50    50   50    50   50    50   50
uni03AB   25   25    25   25    25   25    25   25    25   25    25   25    25   25
uni03AC   40   45    40   45    40   45    40   45    40   45    40   45    40   45
uni03AD   40   40    40   40    40   40    40   40    40   40    40   40    40   40
uni03AE   70   65    70   65    70   65    70   65    70   65    70   65    70   65
uni03AF   85   40    90   45    95   50   100   55   105   60   110   65   115   70
###
uni03B0   65   50    65   50    65   50    65   50    65   50    65   50    65   50
uni03B1   40   45    40   45    40   45    40   45    40   45    40   45    40   45
uni03B3   30   30    30   30    30   30    30   30    30   30    30   30    30   30
uni03B4   35   35    35   35    35   35    35   35    35   35    35   35    35   35
uni03B5   40   40    40   40    40   40    40   40    40   40    40   40    40   40
uni03B6   50   20    50   20    50   20    50   20    50   20    50   20    50   20
uni03B7   70   65    70   65    70   65    70   65    70   65    70   65    70   65
###
uni03B9   85   40    90   45    95   50   100   55   105   60   110   65   115   70
uni03BA   70   40    70   40    70   40    70   40    70   40    70   40    70   40
uni03BB   30   30    30   30    30   30    30   30    30   30    30   30    30   30
uni03BC   70   70    70   70    70   70    70   70    70   70    70   70    70   70
uni03BD   30   45    30   45    30   45    30   45    30   45    30   45    30   45
uni03BE   55   20    55   20    55   20    55   20    55   20    55   20    55   20
uni03BF   35   35    35   35    35   35    35   35    35   35    35   35    35   35
###
uni03C0   50   50    50   50    50   50    50   50    50   50    50   50    50   50
uni03C1   60   40    60   40    60   40    60   40    60   40    60   40    60   40
uni03C2   35   20    35   20    35   20    35   20    35   20    35   20    35   20
uni03C3   35   20    35   20    35   20    35   20    35   20    35   20    35   20
uni03C4   40   40    40   40    40   40    40   40    40   40    40   40    40   40
uni03C5   65   50    65   50    65   50    65   50    65   50    65   50    65   50
uni03C6   35   35    35   35    35   35    35   35    35   35    35   35    35   35
uni03C7   30   30    30   30    30   30    30   30    30   30    30   30    30   30
###
uni03C8   60   60    60   60    60   60    60   60    60   60    60   60    60   60
uni03C9   50   50    50   50    50   50    50   50    50   50    50   50    50   50
uni03CA   60   40    60   40    60   40    60   40    60   40    60   40    60   40
uni03CB   65   50    65   50    65   50    65   50    65   50    65   50    65   50
uni03CC   35   35    35   35    35   35    35   35    35   35    35   35    35   35
uni03CD   65   50    65   50    65   50    65   50    65   50    65   50    65   50
uni03CE   50   50    50   50    50   50    50   50    50   50    50   50    50   50
uni03CF   80   30    80   30    80   30    80   30    80   30    80   30    80   30
###
uni03D2   55   55    55   55    55   55    55   55    55   55    55   55    55   55
uni03D3    0   55     0   55     0   55     0   55     0   55     0   55     0   55
uni03D4   55   55    55   55    55   55    55   55    55   55    55   55    55   55
uni03D5   35   35    35   35    35   35    35   35    35   35    35   35    35   35
uni03D6   35   35    35   35    35   35    35   35    35   35    35   35    35   35
uni03D7   70   40    70   40    70   40    70   40    70   40    70   40    70   40
###
uni03D8   35   35    35   35    35   35    35   35    35   35    35   35    35   35
uni03D9   35   35    35   35    35   35    35   35    35   35    35   35    35   35
uni03DB   35   65    35   65    35   65    35   65    35   65    35   65    35   65
uni03DE   30   30    30   30    30   30    30   30    30   30    30   30    30   30
uni03DF   40   40    40   40    40   40    40   40    40   40    40   40    40   40
###
uni03E0   45   40    45   40    45   40    45   40    45   40    45   40    45   40
uni03E1   45   40    45   40    45   40    45   40    45   40    45   40    45   40

### Cyrillic
uni0402   55   45    55   45    55   45    55   45    55   45    55   45    55   45
uni0404   35   80    35   80    35   80    35   80    35   80    35   80    35   80
uni0405   55   55    55   55    55   55    55   55    55   55    55   55    55   55
###
uni0408   35   70    35   70    35   70    35   70    35   70    35   70    35   70
uni0409   30   40    30   40    30   40    30   40    30   40    30   40    30   40
uni040C   80   30    80   30    80   30    80   30    80   30    80   30    80   30
uni040D   80   80    80   80    80   80    80   80    80   80    80   80    80   80
uni040E   35   25    35   25    35   25    35   25    35   25    35   25    35   25
uni040F   80   80    80   80    80   80    80   80    80   80    80   80    80   80
###
uni0410   25   25    25   25    25   25    25   25    25   25    25   25    25   25
uni0412   80   35    80   35    80   35    80   35    80   35    80   35    80   35
uni0417   45   35    45   35    45   35    45   35    45   35    45   35    45   35
###
uni0418   80   80    80   80    80   80    80   80    80   80    80   80    80   80
uni0419   80   80    80   80    80   80    80   80    80   80    80   80    80   80
uni041A   80   30    80   30    80   30    80   30    80   30    80   30    80   30
uni041B   25   80    25   80    25   80    25   80    25   80    25   80    25   80
uni041C   80   80    80   80    80   80    80   80    80   80    80   80    80   80
uni041D   80   80    80   80    80   80    80   80    80   80    80   80    80   80
uni041E   35   35    35   35    35   35    35   35    35   35    35   35    35   35
uni041F   80   80    80   80    80   80    80   80    80   80    80   80    80   80
###
uni0420   80   30    80   30    80   30    80   30    80   30    80   30    80   30
uni0421   35   75    35   75    35   75    35   75    35   75    35   75    35   75
uni0422   55   55    55   55    55   55    55   55    55   55    55   55    55   55
uni0423   35   25    35   25    35   25    35   25    35   25    35   25    35   25
uni0424   30   30    30   30    30   30    30   30    30   30    30   30    30   30
uni0425   50   50    50   50    50   50    50   50    50   50    50   50    50   50
uni0426   80   40    80   40    80   40    80   40    80   40    80   40    80   40
###
uni0428   80   80    80   80    80   80    80   80    80   80    80   80    80   80
uni0429   80   40    80   40    80   40    80   40    80   40    80   40    80   40
uni042D   80   35    80   35    80   35    80   35    80   35    80   35    80   35
uni042E   80   40    80   40    80   40    80   40    80   40    80   40    80   40
###
uni0430   45   65    45   65    45   65    45   65    45   65    45   65    45   65
uni0435   35   40    35   40    35   40    35   40    35   40    35   40    35   40
uni0437   40   40    40   40    40   40    40   40    40   40    40   40    40   40
###
uni0438   70   70    70   70    70   70    70   70    70   70    70   70    70   70
uni0439   70   70    70   70    70   70    70   70    70   70    70   70    70   70
uni043A   70   40    70   40    70   40    70   40    70   40    70   40    70   40
uni043B   20   70    20   70    20   70    20   70    20   70    20   70    20   70
uni043C   70   70    70   70    70   70    70   70    70   70    70   70    70   70
uni043D   70   70    70   70    70   70    70   70    70   70    70   70    70   70
uni043E   35   35    35   35    35   35    35   35    35   35    35   35    35   35
uni043F   70   70    70   70    70   70    70   70    70   70    70   70    70   70
###
uni0440   70   40    70   40    70   40    70   40    70   40    70   40    70   40
uni0441   35   65    35   65    35   65    35   65    35   65    35   65    35   65
uni0442   40   40    40   40    40   40    40   40    40   40    40   40    40   40
uni0443   35   30    35   30    35   30    35   30    35   30    35   30    35   30
uni0445   45   45    45   45    45   45    45   45    45   45    45   45    45   45
uni0446   70   30    70   30    70   30    70   30    70   30    70   30    70   30
###
uni0448   70   70    70   70    70   70    70   70    70   70    70   70    70   70
uni0449   70   30    70   30    70   30    70   30    70   30    70   30    70   30
uni044D   65   40    65   40    65   40    65   40    65   40    65   40    65   40
uni044E   70   40    70   40    70   40    70   40    70   40    70   40    70   40
###
uni0450   35   40    35   40    35   40    35   40    35   40    35   40    35   40
uni0451   35   40    35   40    35   40    35   40    35   40    35   40    35   40
uni0452   30   65    30   65    30   65    30   65    30   65    30   65    30   65
uni0454   40   65    40   65    40   65    40   65    40   65    40   65    40   65
uni0455   55   55    55   55    55   55    55   55    55   55    55   55    55   55
uni0456   90   90    95   95   100  100   105  105   110  110   115  115   120  120
uni0457  -10  -10    -4   -4     2    2     8    8    12   12    16   16    20   20
###
uni0458  -15   90   -15   95   -15  100   -15  105   -15  110   -15  115   -15  120
uni0459   20   35    20   35    20   35    20   35    20   35    20   35    20   35
uni045B   30   65    30   65    30   65    30   65    30   65    30   65    30   65
uni045C   70   40    70   40    70   40    70   40    70   40    70   40    70   40
uni045D   70   70    70   70    70   70    70   70    70   70    70   70    70   70
uni045E   35   30    35   30    35   30    35   30    35   30    35   30    35   30
uni045F   70   70    70   70    70   70    70   70    70   70    70   70    70   70
###
uni0472   35   35    35   35    35   35    35   35    35   35    35   35    35   35
uni0473   35   35    35   35    35   35    35   35    35   35    35   35    35   35
uni0474   30   25    30   25    30   25    30   25    30   25    30   25    30   25
uni0475   30   25    30   25    30   25    30   25    30   25    30   25    30   25
###
uni0480   35   30    35   30    35   30    35   30    35   30    35   30    35   30
uni0481   35   30    35   30    35   30    35   30    35   30    35   30    35   30
###
uni04AE   25   25    25   25    25   25    25   25    25   25    25   25    25   25
uni04AF   30   30    30   30    30   30    30   30    30   30    30   30    30   30
###
uni04E8   35   35    35   35    35   35    35   35    35   35    35   35    35   35
uni04E9   35   35    35   35    35   35    35   35    35   35    35   35    35   35

### Phonetic Extensions
uni1D05   70   35    70   35    70   35    70   35    70   35    70   35    70   35
###
uni1D30   75   30    75   30    75   30    75   30    75   30    75   30    75   30
uni1D35   85   85    90   90    95   95   100  100   105  105   110  110   115  115
###
uni1D38   75   50    75   50    75   50    75   50    75   50    75   50    75   50
uni1D39   75   75    75   75    75   75    75   75    75   75    75   75    75   75
uni1D3A   75   75    75   75    75   75    75   75    75   75    75   75    75   75
###
uni1D40   50   50    50   50    50   50    50   50    50   50    50   50    50   50
###
uni1D48   35   70    35   70    35   70    35   70    35   70    35   70    35   70
uni1D49   30   35    30   35    30   35    30   35    30   35    30   35    30   35
uni1D4A   35   30    35   30    35   30    35   30    35   30    35   30    35   30
###
uni1D50   65   60    65   60    65   60    65   60    65   60    65   60    65   60
uni1D57   40   65    40   65    40   65    40   65    40   65    40   65    40   65
###
uni1D5A   60   65    60   65    60   65    60   65    60   65    60   65    60   65
uni1D5B   25   25    25   25    25   25    25   25    25   25    25   25    25   25
uni1D5E   25   25    25   25    25   25    25   25    25   25    25   25    25   25
###
uni1D60   30   30    30   30    30   30    30   30    30   30    30   30    30   30
uni1D61   25   25    25   25    25   25    25   25    25   25    25   25    25   25

### Phonetic Extensions Supplement
uni1D9C   30   60    30   60    30   60    30   60    30   60    30   60    30   60
uni1D9E   35   35    35   35    35   35    35   35    35   35    35   35    35   35
###
uni1DA0   45   60    45   60    45   60    45   60    45   60    45   60    45   60
###
uni1DAB   65   40    65   40    65   40    65   40    65   40    65   40    65   40
###
uni1DBB   65   65    65   65    65   65    65   65    65   65    65   65    65   65

### Latin Extended Additional
uni1E12   80   35    80   35    80   35    80   35    80   35    80   35    80   35
uni1E13   40   75    40   75    40   75    40   75    40   75    40   75    40   75
###
uni1E02   80   35    80   35    80   35    80   35    80   35    80   35    80   35
uni1E03   75   40    75   40    75   40    75   40    75   40    75   40    75   40
uni1E04   80   35    80   35    80   35    80   35    80   35    80   35    80   35
uni1E05   75   40    75   40    75   40    75   40    75   40    75   40    75   40
uni1E06   80   35    80   35    80   35    80   35    80   35    80   35    80   35
uni1E07   75   40    75   40    75   40    75   40    75   40    75   40    75   40
###
uni1E0A   80   35    80   35    80   35    80   35    80   35    80   35    80   35
uni1E0B   40   75    40   75    40   75    40   75    40   75    40   75    40   75
uni1E0C   80   35    80   35    80   35    80   35    80   35    80   35    80   35
uni1E0D   40   75    40   75    40   75    40   75    40   75    40   75    40   75
uni1E0E   80   35    80   35    80   35    80   35    80   35    80   35    80   35
uni1E0F   40   75    40   75    40   75    40   75    40   75    40   75    40   75
###
uni1E1E   80   65    80   65    80   65    80   65    80   65    80   65    80   65
uni1E1F   50   65    50   65    50   65    50   65    50   65    50   65    50   65
###
uni1E20   35   75    35   75    35   75    35   75    35   75    35   75    35   75
uni1E21   40   70    40   70    40   70    40   70    40   70    40   70    40   70
uni1E24   80   80    80   80    80   80    80   80    80   80    80   80    80   80
uni1E25   75   65    75   65    75   65    75   65    75   65    75   65    75   65
###
uni1E2A   80   80    80   80    80   80    80   80    80   80    80   80    80   80
uni1E2B   75   65    75   65    75   65    75   65    75   65    75   65    75   65
###
uni1E32   80   30    80   30    80   30    80   30    80   30    80   30    80   30
uni1E33   75   40    75   40    75   40    75   40    75   40    75   40    75   40
uni1E34   80   30    80   30    80   30    80   30    80   30    80   30    80   30
uni1E35   75   40    75   40    75   40    75   40    75   40    75   40    75   40
uni1E36   80   55    80   55    80   55    80   55    80   55    80   55    80   55
uni1E37   90   90    95   95   100  100   105  105   110  110   115  115   120  120
###
uni1E38   80   55    80   55    80   55    80   55    80   55    80   55    80   55
uni1E39  -10  -10   -14  -14   -18  -18   -22  -22   -25  -25   -28  -28   -30  -30
uni1E3A   80   55    80   55    80   55    80   55    80   55    80   55    80   55
uni1E3B  -10  -10   -14  -14   -18  -18   -22  -22   -25  -25   -28  -28   -30  -30
uni1E3C   60   55    64   55    67   55    70   55    80   55    80   55    80   55
uni1E3D  -50  -50   -49  -49   -48  -48   -47  -47   -43  -43   -39  -39   -35  -35
uni1E3E   80   80    80   80    80   80    80   80    80   80    80   80    80   80
uni1E3F   70   65    70   65    70   65    70   65    70   65    70   65    70   65
###
uni1E40   80   80    80   80    80   80    80   80    80   80    80   80    80   80
uni1E41   70   65    70   65    70   65    70   65    70   65    70   65    70   65
uni1E42   80   80    80   80    80   80    80   80    80   80    80   80    80   80
uni1E43   70   65    70   65    70   65    70   65    70   65    70   65    70   65
uni1E44   80   80    80   80    80   80    80   80    80   80    80   80    80   80
uni1E45   70   65    70   65    70   65    70   65    70   65    70   65    70   65
uni1E46   80   80    80   80    80   80    80   80    80   80    80   80    80   80
uni1E47   70   65    70   65    70   65    70   65    70   65    70   65    70   65
###
uni1E48   80   80    80   80    80   80    80   80    80   80    80   80    80   80
uni1E49   70   65    70   65    70   65    70   65    70   65    70   65    70   65
uni1E4A   80   80    80   80    80   80    80   80    80   80    80   80    80   80
uni1E4B   70   65    70   65    70   65    70   65    70   65    70   65    70   65
###
uni1E56   80   30    80   30    80   30    80   30    80   30    80   30    80   30
uni1E57   70   40    70   40    70   40    70   40    70   40    70   40    70   40
###
uni1E59   70   50    70   50    70   50    70   50    70   50    70   50    70   50
uni1E5B   70   50    70   50    70   50    70   50    70   50    70   50    70   50
uni1E5D   45   50    40   50    35   48    30   40    24   43    17   46    10   50
uni1E5F   45   50    40   50    35   48    30   40    24   43    17   46    10   50
###
uni1E60   55   55    55   55    55   55    55   55    55   55    55   55    55   55
uni1E61   55   55    55   55    55   55    55   55    55   55    55   55    55   55
uni1E62   55   55    55   55    55   55    55   55    55   55    55   55    55   55
uni1E63   55   55    55   55    55   55    55   55    55   55    55   55    55   55
###
uni1E68   55   55    55   55    55   55    55   55    55   55    55   55    55   55
uni1E69   55   55    55   55    55   55    55   55    55   55    55   55    55   55
uni1E6A   55   55    55   55    55   55    55   55    55   55    55   55    55   55
uni1E6B   45   70    45   70    45   70    45   70    45   70    45   70    45   70
uni1E6C   55   55    55   55    55   55    55   55    55   55    55   55    55   55
uni1E6D   45   70    45   70    45   70    45   70    45   70    45   70    45   70
uni1E6E   55   55    55   55    55   55    55   55    55   55    55   55    55   55
uni1E6F   45   70    45   70    45   70    45   70    45   70    45   70    45   65
###
uni1E70   55   55    55   55    55   55    55   55    55   55    55   55    55   55
uni1E71   45   40    45   40    45   40    45   40    45   45    45   50    45   55
###
uni1E7E   25   25    25   25    25   25    25   25    25   25    25   25    25   25
uni1E7F   30   30    30   30    30   30    30   30    30   30    30   30    30   30
###
uni1E80   40   40    40   40    40   40    40   40    40   40    40   40    40   40
uni1E81   40   40    40   40    40   40    40   40    40   40    40   40    40   40
uni1E82   40   40    40   40    40   40    40   40    40   40    40   40    40   40
uni1E83   40   40    40   40    40   40    40   40    40   40    40   40    40   40
uni1E84   40   40    40   40    40   40    40   40    40   40    40   40    40   40
uni1E85   40   40    40   40    40   40    40   40    40   40    40   40    40   40
###
uni1E88   40   40    40   40    40   40    40   40    40   40    40   40    40   40
uni1E89   40   40    40   40    40   40    40   40    40   40    40   40    40   40
uni1E8E   25   25    25   25    25   25    25   25    25   25    25   25    25   25
uni1E8F   30   30    30   30    30   30    30   30    30   30    30   30    30   30
###
uni1E92   70   70    70   70    70   70    70   70    70   70    70   70    70   70
uni1E93   70   70    70   70    70   70    70   70    70   70    70   70    70   70
uni1E94   70   70    70   70    70   70    70   70    70   70    70   70    70   70
uni1E95   70   70    70   70    70   70    70   70    70   70    70   70    70   70
uni1E96   75   65    75   65    75   65    75   65    75   65    75   65    75   65
uni1E97   45   70    45   70    45   70    45   70    45   70    45   70    45   70
###
uni1E9E   80   35    80   35    80   35    80   35    80   35    80   35    80   35
###
uni1EA0   25   25    25   25    25   25    25   25    25   25    25   25    25   25
uni1EA1   45   65    45   65    45   65    45   65    45   65    45   65    45   65
uni1EA2   25   25    25   25    25   25    25   25    25   25    25   25    25   25
uni1EA3   45   65    45   65    45   65    45   65    45   65    45   65    45   65
uni1EA4   25  -80    25  -62    25  -44    25  -25    25    3    25   10    25   25
uni1EA5   45 -140    45 -122    45 -104    45  -85    45  -63    45  -60    45  -47
uni1EA6   25  -60    25  -39    25  -17    25    5    25   25    25   25    25   25
uni1EA7   45 -120    45  -99    45  -77    45  -55    45  -39    45  -23    45    7
###
uni1EA8   25  -85    25  -70    25  -55    25  -40    25  -25    25  -10    25    5
uni1EA9   45 -145    45 -128    45 -111    45  -95    45  -83    45  -71    45  -60
uni1EAA   25   25    25   25    25   25    25   25    25   25    25   25    25   25
uni1EAB   45   60    45   64    45   65    45   65    45   65    45   65    45   65
uni1EAC   25   25    25   25    25   25    25   25    25   25    25   25    25   25
uni1EAD   45   60    45   64    45   65    45   65    45   65    45   65    45   65
uni1EAE   25   25    25   25    25   25    25   25    25   25    25   25    25   25
uni1EAF   45   65    45   65    45   65    45   65    45   65    45   65    45   65
###
uni1EB0   25   25    25   25    25   25    25   25    25   25    25   25    25   25
uni1EB1   45   65    45   65    45   65    45   65    45   65    45   65    45   65
uni1EB2   25   25    25   25    25   25    25   25    25   25    25   25    25   25
uni1EB3   45   65    45   65    45   65    45   65    45   65    45   65    45   65
uni1EB4   25   25    25   25    25   25    25   25    25   25    25   25    25   25
uni1EB5   45   65    45   65    45   65    45   65    45   65    45   65    45   65
uni1EB6   25   25    25   25    25   25    25   25    25   25    25   25    25   25
uni1EB7   45   65    45   65    45   65    45   65    45   65    45   65    45   65
###
uni1EB9   35   40    35   40    35   40    35   40    35   40    35   40    35   40
uni1EBA   80   70    80   70    80   70    80   70    80   70    80   70    80   70
uni1EBB   35   40    35   40    35   40    35   40    35   40    35   40    35   40
uni1EBD   35   40    35   40    35   40    35   40    35   40    35   40    35   40
uni1EBF   35 -145    35 -131    35 -118    35 -105    35  -72    35  -59    35  -36
###
uni1EC1   35 -125    35 -108    35  -91    35  -75    35  -48    35  -22    35    4
uni1EC2   80 -135    80 -118    80 -101    80  -85    80  -70    80  -55    80  -40
uni1EC3   35 -150    35 -138    35 -126    35 -115    35  -93    35  -71    35  -50
uni1EC5   35   40    35   40    35   40    35   40    35   40    35   40    35   40
uni1EC7   35   40    35   40    35   40    35   40    35   40    35   40    35   40
###
uni1EC8   15   -5    14   -5    12   -5    10   -5     9   -5     7   -5     5   -5
uni1EC9    5  -15     5  -13     5  -11     5  -10     5   -8     5   -6     5   -5
uni1ECB   90   90    95   95   100  100   105  105   110  110   115  115   120  120
uni1ECC   35   35    35   35    35   35    35   35    35   35    35   35    35   35
uni1ECD   35   35    35   35    35   35    35   35    35   35    35   35    35   35
uni1ECE   35   35    35   35    35   35    35   35    35   35    35   35    35   35
uni1ECF   35   35    35   35    35   35    35   35    35   35    35   35    35   35
###
uni1ED0   35  -55    35  -36    35  -18    35    0    35   28    35   35    35   35
uni1ED1   35 -135    35 -116    35  -98    35  -80    35  -50    35  -41    35  -21
uni1ED2   35  -35    35  -13    35    9    35   30    35   35    35   35    35   35
uni1ED3   35 -115    35  -93    35  -71    35  -50    35  -27    35   -4    35   19
uni1ED4   35  -60    35  -45    35  -30    35  -15    35    0    35   15    35   30
uni1ED5   35 -140    35 -123    35 -106    35  -90    35  -71    35  -53    35  -35
uni1ED6   35   35    35   35    35   35    35   35    35   35    35   35    35   35
uni1ED7   35   35    35   35    35   35    35   35    35   35    35   35    35   35
###
uni1ED8   35   35    35   35    35   35    35   35    35   35    35   35    35   35
uni1ED9   35   35    35   35    35   35    35   35    35   35    35   35    35   35
uni1EDA   35    0    35    0    35    0    35    0    35    0    35    0    35    0
uni1EDB   35    0    35    0    35    0    35    0    35    0    35    0    35    0
uni1EDC   35    0    35    0    35    0    35    0    35    0    35    0    35    0
uni1EDD   35    0    35    0    35    0    35    0    35    0    35    0    35    0
uni1EDE   35    0    35    0    35    0    35    0    35    0    35    0    35    0
uni1EDF   35    0    35    0    35    0    35    0    35    0    35    0    35    0
###
uni1EE0   35    0    35    0    35    0    35    0    35    0    35    0    35    0
uni1EE1   35    0    35    0    35    0    35    0    35    0    35    0    35    0
uni1EE2   35    0    35    0    35    0    35    0    35    0    35    0    35    0
uni1EE3   35    0    35    0    35    0    35    0    35    0    35    0    35    0
uni1EE4   70   70    70   70    70   70    70   70    70   70    70   70    70   70
uni1EE5   65   70    65   70    65   70    65   70    65   70    65   70    65   70
uni1EE6   70   70    70   70    70   70    70   70    70   70    70   70    70   70
uni1EE7   65   70    65   70    65   70    65   70    65   70    65   70    65   70
###
uni1EE8   70    0    70    0    70    0    70    0    70    0    70    0    70    0
uni1EE9   65    0    65    0    65    0    65    0    65    0    65    0    65    0
uni1EEA   70    0    70    0    70    0    70    0    70    0    70    0    70    0
uni1EEB   65    0    65    0    65    0    65    0    65    0    65    0    65    0
uni1EEC   70    0    70    0    70    0    70    0    70    0    70    0    70    0
uni1EED   65    0    65    0    65    0    65    0    65    0    65    0    65    0
uni1EEE   70    0    70    0    70    0    70    0    70    0    70    0    70    0
uni1EEF   65    0    65    0    65    0    65    0    65    0    65    0    65    0
###
uni1EF0   70    0    70    0    70    0    70    0    70    0    70    0    70    0
uni1EF1   65    0    65    0    65    0    65    0    65    0    65    0    65    0
uni1EF2   25   25    25   25    25   25    25   25    25   25    25   25    25   25
uni1EF3   30   30    30   30    30   30    30   30    30   30    30   30    30   30
uni1EF4   25   25    25   25    25   25    25   25    25   25    25   25    25   25
uni1EF5   30   10    30   30    30   30    30   30    30   30    30   30    30   30
uni1EF6   25   25    25   25    25   25    25   25    25   25    25   25    25   25
uni1EF7   30   30    30   30    30   30    30   30    30   30    30   30    30   30
###
uni1EF8   25   25    25   25    25   25    25   25    25   25    25   25    25   25
uni1EF9   30   30    30   30    30   30    30   30    30   30    30   30    30   30
uni1EFC   35   35    35   35    35   35    35   35    35   35    35   35    35   35
uni1EFD   40   40    40   40    40   40    40   40    40   40    40   40    40   40
uni1EFE   25   25    25   25    25   25    25   25    25   25    25   25    25   25

### Greek Extended
uni1F00   40   45    40   45    40   45    40   45    40   45    40   45    40   45
uni1F01   40   45    40   45    40   45    40   45    40   45    40   45    40   45
uni1F02   40   45    40   45    40   45    40   45    40   45    40   45    40   45
uni1F03   40   45    40   45    40   45    40   45    40   45    40   45    40   45
uni1F04   40   45    40   45    40   45    40   45    40   45    40   45    40   45
uni1F05   40   45    40   45    40   45    40   45    40   45    40   45    40   45
uni1F06   40   45    40   45    40   45    40   45    40   45    40   45    40   45
uni1F07   40   45    40   45    40   45    40   45    40   45    40   45    40   45
###
uni1F08    0   25     0   25     0   25     2   25    16   25    25   25    25   25
uni1F09    0   25     0   25     0   25     2   25    16   25    25   25    25   25
uni1F0A    0   25     0   25     0   25     0   25     0   25     0   25     0   25
uni1F0B    0   25     0   25     0   25     0   25     0   25     0   25     0   25
uni1F0C    0   25     0   25     0   25     0   25     0   25     0   25     0   25
uni1F0D    0   25     0   25     0   25     0   25     0   25     0   25     0   25
uni1F0E    0   25     0   25     0   25     0   25     0   25     0   25     0   25
uni1F0F    0   25     0   25     0   25     0   25     0   25     0   25     0   25
###
uni1F10   40   40    40   40    40   40    40   40    40   40    40   40    40   40
uni1F11   40   40    40   40    40   40    40   40    40   40    40   40    40   40
uni1F12   15    0    24    0    33    0    40   12    40   26    40   40    40   40
uni1F13   15    0    24    0    33    0    40   12    40   26    40   40    40   40
uni1F14   15    0    24    0    33    0    40   12    40   26    40   40    40   40
uni1F15   15    0    24    0    33    0    40   12    40   26    40   40    40   40
###
uni1F20   70   65    70   65    70   65    70   65    70   65    70   65    70   65
uni1F21   70   65    70   65    70   65    70   65    70   65    70   65    70   65
uni1F22   65   35    66   41    68   48    70   55    70   65    70   65    70   65
uni1F23   65   35    66   41    68   48    70   55    70   65    70   65    70   65
uni1F24   65   35    66   41    68   48    70   55    70   65    70   65    70   65
uni1F25   65   35    66   41    68   48    70   55    70   65    70   65    70   65
uni1F26   70   65    70   65    70   65    70   65    70   65    70   65    70   65
uni1F27   70   65    70   65    70   65    70   65    70   65    70   65    70   65
###
uni1F28    0   80     0   80     0   80     0   80     0   80     0   80     0   80
uni1F29    0   80     0   80     0   80     0   80     0   80     0   80     0   80
uni1F2A    0   80     0   80     0   80     0   80     0   80     0   80     0   80
uni1F2B    0   80     0   80     0   80     0   80     0   80     0   80     0   80
uni1F2C    0   80     0   80     0   80     0   80     0   80     0   80     0   80
uni1F2D    0   80     0   80     0   80     0   80     0   80     0   80     0   80
uni1F2E -115   80  -113   80  -111   80  -110   80  -105   80  -100   80   -95   80
uni1F2F  -85   80   -90   80   -95   80  -100   80  -105   80  -110   80  -115   80
###
uni1F30   85   40    90   45    85   50    80   55    76   60    73   65    70   70
uni1F31   65   40    66   45    68   50    70   55    76   60    83   65    90   70
uni1F32    0    0     0    0     0    0     0   11     0   30     0   50     0   70
uni1F33    0    0     0    0     0    0     0   11     0   30     0   50     0   70
uni1F34    0    0     0    0     0    0     0   11     0   30     0   50     0   70
uni1F35    0    0     0    0     0    0     0   11     0   30     0   50     0   70
uni1F36   -5   35    -9   40   -12   45   -15   51   -14   60   -12   65   -10   70
uni1F37   -5   35    -9   40   -12   45   -15   51   -14   60   -12   65   -10   70
###
uni1F40   35   35    35   35    35   35    35   35    35   35    35   35    35   35
uni1F41   35   35    35   35    35   35    35   35    35   35    35   35    35   35
uni1F42   35   15    35   25    35   35    35   35    35   35    35   35    35   35
uni1F43   35   15    35   25    35   35    35   35    35   35    35   35    35   35
uni1F44   35   15    35   25    35   35    35   35    35   35    35   35    35   35
uni1F45   35   15    35   25    35   35    35   35    35   35    35   35    35   35
###
uni1F48    0   35     0   35     0   35     0   35     0   35     0   35     0   35
uni1F49    0   35     0   35     0   35     0   35     0   35     0   35     0   35
uni1F4A    0   35     0   35     0   35     0   35     0   35     0   35     0   35
uni1F4B    0   35     0   35     0   35     0   35     0   35     0   35     0   35
uni1F4C    0   35     0   35     0   35     0   35     0   35     0   35     0   35
uni1F4D    0   35     0   35     0   35     0   35     0   35     0   35     0   35
###
uni1F50   65   50    65   50    65   50    65   50    65   50    65   50    65   50
uni1F51   65   50    65   50    65   50    65   50    65   50    65   50    65   50
uni1F52   65   20    65   30    65   40    65   50    65   50    65   50    65   50
uni1F53   65   20    65   30    65   40    65   50    65   50    65   50    65   50
uni1F54   65   20    65   30    65   40    65   50    65   50    65   50    65   50
uni1F55   65   20    65   30    65   40    65   50    65   50    65   50    65   50
uni1F56   65   50    65   50    65   50    65   50    65   50    65   50    65   50
uni1F57   65   50    65   50    65   50    65   50    65   50    65   50    65   50
###
uni1F59    0   25     0   25     0   25     0   25     0   25     0   25     0   25
uni1F5B    0   25     0   25     0   25     0   25     0   25     0   25     0   25
uni1F5D    0   25     0   25     0   25     0   25     0   25     0   25     0   25
uni1F5F  -85   25   -90   25   -95   25  -100   25  -105   25  -110   25  -115   25
###
uni1F60   50   50    50   50    50   50    50   50    50   50    50   50    50   50
uni1F61   50   50    50   50    50   50    50   50    50   50    50   50    50   50
uni1F62   50   50    50   50    50   50    50   50    50   50    50   50    50   50
uni1F63   50   50    50   50    50   50    50   50    50   50    50   50    50   50
uni1F64   50   50    50   50    50   50    50   50    50   50    50   50    50   50
uni1F65   50   50    50   50    50   50    50   50    50   50    50   50    50   50
uni1F66   50   50    50   50    50   50    50   50    50   50    50   50    50   50
uni1F67   50   50    50   50    50   50    50   50    50   50    50   50    50   50
###
uni1F68    0   50     0   50     0   50     0   50     0   50     0   50     0   50
uni1F69    0   50     0   50     0   50     0   50     0   50     0   50     0   50
uni1F6A    0   50     0   50     0   50     0   50     0   50     0   50     0   50
uni1F6B    0   50     0   50     0   50     0   50     0   50     0   50     0   50
uni1F6C    0   50     0   50     0   50     0   50     0   50     0   50     0   50
uni1F6D    0   50     0   50     0   50     0   50     0   50     0   50     0   50
uni1F6E -115   50  -113   50  -111   50  -110   50  -105   50  -100   50   -95   50
uni1F6F  -85   50   -90   50   -95   50  -100   50  -105   50  -110   50  -115   50
###
uni1F70   40   45    40   45    40   45    40   45    40   45    40   45    40   45
uni1F71   40   45    40   45    40   45    40   45    40   45    40   45    40   45
uni1F72   40   40    40   40    40   40    40   40    40   40    40   40    40   40
uni1F73   40   40    40   40    40   40    40   40    40   40    40   40    40   40
uni1F74   70   65    70   65    70   65    70   65    70   65    70   65    70   65
uni1F75   70   65    70   65    70   65    70   65    70   65    70   65    70   65
uni1F76   15   40    13   45    11   50    10   55    17   60    25   65    33   70
uni1F77   85   40    90   45    95   50   100   55   105   60   110   65   115   70
###
uni1F78   35   35    35   35    35   35    35   35    35   35    35   35    35   35
uni1F79   35   35    35   35    35   35    35   35    35   35    35   35    35   35
uni1F7A   65   50    65   50    65   50    65   50    65   50    65   50    65   50
uni1F7B   65   50    65   50    65   50    65   50    65   50    65   50    65   50
uni1F7C   50   50    50   50    50   50    50   50    50   50    50   50    50   50
uni1F7D   50   50    50   50    50   50    50   50    50   50    50   50    50   50
###
uni1F80   40   45    40   45    40   45    40   45    40   45    40   45    40   45
uni1F81   40   45    40   45    40   45    40   45    40   45    40   45    40   45
uni1F82   40   45    40   45    40   45    40   45    40   45    40   45    40   45
uni1F83   40   45    40   45    40   45    40   45    40   45    40   45    40   45
uni1F84   40   45    40   45    40   45    40   45    40   45    40   45    40   45
uni1F85   40   45    40   45    40   45    40   45    40   45    40   45    40   45
uni1F86   40   45    40   45    40   45    40   45    40   45    40   45    40   45
uni1F87   40   45    40   45    40   45    40   45    40   45    40   45    40   45
###
uni1F88    0   25     0   25     0   25     2   25    16   25    25   25    25   25
uni1F89    0   25     0   25     0   25     2   25    16   25    25   25    25   25
uni1F8A    0   25     0   25     0   25     0   25     0   25     0   25     0   25
uni1F8B    0   25     0   25     0   25     0   25     0   25     0   25     0   25
uni1F8C    0   25     0   25     0   25     0   25     0   25     0   25     0   25
uni1F8D    0   25     0   25     0   25     0   25     0   25     0   25     0   25
uni1F8E    0   25     0   25     0   25     0   25     0   25     0   25     0   25
uni1F8F    0   25     0   25     0   25     0   25     0   25     0   25     0   25
###
uni1F90   70   65    70   65    70   65    70   65    70   65    70   65    70   65
uni1F91   70   65    70   65    70   65    70   65    70   65    70   65    70   65
uni1F92   65   35    66   41    68   48    70   55    70   65    70   65    70   65
uni1F93   65   35    66   41    68   48    70   55    70   65    70   65    70   65
uni1F94   65   35    66   41    68   48    70   55    70   65    70   65    70   65
uni1F95   65   35    66   41    68   48    70   55    70   65    70   65    70   65
uni1F96   70   65    70   65    70   65    70   65    70   65    70   65    70   65
uni1F97   70   65    70   65    70   65    70   65    70   65    70   65    70   65
###
uni1F98    0   80     0   80     0   80     0   80     0   80     0   80     0   80
uni1F99    0   80     0   80     0   80     0   80     0   80     0   80     0   80
uni1F9A    0   80     0   80     0   80     0   80     0   80     0   80     0   80
uni1F9B    0   80     0   80     0   80     0   80     0   80     0   80     0   80
uni1F9C    0   80     0   80     0   80     0   80     0   80     0   80     0   80
uni1F9D    0   80     0   80     0   80     0   80     0   80     0   80     0   80
uni1F9E -115   80  -113   80  -111   80  -110   80  -105   80  -100   80   -95   80
uni1F9F  -85   80   -90   80   -95   80  -100   80  -105   80  -110   80  -115   80
###
uni1FA0   50   50    50   50    50   50    50   50    50   50    50   50    50   50
uni1FA1   50   50    50   50    50   50    50   50    50   50    50   50    50   50
uni1FA2   50   50    50   50    50   50    50   50    50   50    50   50    50   50
uni1FA3   50   50    50   50    50   50    50   50    50   50    50   50    50   50
uni1FA4   50   50    50   50    50   50    50   50    50   50    50   50    50   50
uni1FA5   50   50    50   50    50   50    50   50    50   50    50   50    50   50
uni1FA6   50   50    50   50    50   50    50   50    50   50    50   50    50   50
uni1FA7   50   50    50   50    50   50    50   50    50   50    50   50    50   50
###
uni1FA8    0   50     0   50     0   50     0   50     0   50     0   50     0   50
uni1FA9    0   50     0   50     0   50     0   50     0   50     0   50     0   50
uni1FAA    0   50     0   50     0   50     0   50     0   50     0   50     0   50
uni1FAB    0   50     0   50     0   50     0   50     0   50     0   50     0   50
uni1FAC    0   50     0   50     0   50     0   50     0   50     0   50     0   50
uni1FAD    0   50     0   50     0   50     0   50     0   50     0   50     0   50
uni1FAE -115   50  -113   50  -111   50  -110   50  -105   50  -100   50   -95   50
uni1FAF  -85   50   -90   50   -95   50  -100   50  -105   50  -110   50  -115   50
###
uni1FB0   40   45    40   45    40   45    40   45    40   45    40   45    40   45
uni1FB1   40   45    40   45    40   45    40   45    40   45    40   45    40   45
uni1FB2   40   45    40   45    40   45    40   45    40   45    40   45    40   45
uni1FB3   40   45    40   45    40   45    40   45    40   45    40   45    40   45
uni1FB4   40   45    40   45    40   45    40   45    40   45    40   45    40   45
uni1FB6   40   45    40   45    40   45    40   45    40   45    40   45    40   45
uni1FB7   40   45    40   45    40   45    40   45    40   45    40   45    40   45
###
uni1FB8   25   25    25   25    25   25    25   25    25   25    25   25    25   25
uni1FB9   25   25    25   25    25   25    25   25    25   25    25   25    25   25
uni1FBA    0   25     0   25     0   25     0   25     2   25    18   25    25   25
uni1FBB    0   25     7   25    -6   25    10   25    20   25    25   25    25   25
uni1FBC   25   25    25   25    25   25    25   25    25   25    25   25    25   25
uni1FBE   70   45    70   45    70   45    70   45    70   45    70   45    70   45
###
uni1FC2   70   65    70   65    70   65    70   65    70   65    70   65    70   65
uni1FC3   70   65    70   65    70   65    70   65    70   65    70   65    70   65
uni1FC4   70   65    70   65    70   65    70   65    70   65    70   65    70   65
uni1FC6   70   65    70   65    70   65    70   65    70   65    70   65    70   65
uni1FC7   70   65    70   65    70   65    70   65    70   65    70   65    70   65
###
uni1FCA    0   80     0   80     0   80     0   80     0   80     0   80     0   80
uni1FCB    0   80     0   80     0   80     0   80     0   80     0   80     0   80
uni1FCC   80   80    80   80    80   80    80   80    80   80    80   80    80   80
###
uni1FD0   40   40    40   40    40   40    40   40    40   40    40   40    40   40
uni1FD1   60   40    60   40    60   40    60   40    60   40    60   40    60   40
uni1FD2   60   40    60   40    60   40    60   40    60   40    60   40    60   40
uni1FD3   60   40    60   40    60   40    60   40    60   40    60   40    60   40
uni1FD6   45   40    45   40    45   40    45   40    45   40    45   40    45   40
uni1FD7   45   40    45   40    45   40    45   40    45   40    45   40    45   40
###
uni1FE0   65   50    65   50    65   50    65   50    65   50    65   50    65   50
uni1FE1   65   50    65   50    65   50    65   50    65   50    65   50    65   50
uni1FE2   65   50    65   50    65   50    65   50    65   50    65   50    65   50
uni1FE3   65   50    65   50    65   50    65   50    65   50    65   50    65   50
uni1FE4   60   40    60   40    60   40    60   40    60   40    60   40    60   40
uni1FE5   60   40    60   40    60   40    60   40    60   40    60   40    60   40
uni1FE6   65   50    65   50    65   50    65   50    65   50    65   50    65   50
uni1FE7   65   50    65   50    65   50    65   50    65   50    65   50    65   50
###
uni1FE8   25   25    25   25    25   25    25   25    25   25    25   25    25   25
uni1FE9   25   25    25   25    25   25    25   25    25   25    25   25    25   25
uni1FEA    0   25     0   25     0   25     0   25     0   25     0   25     0   25
uni1FEB    0   25     0   25     0   25     0   25     0   25     0   25     0   25
uni1FEC    0   30     0   30     0   30     0   30     0   30     0   30     0   30
###
uni1FF2   50   50    50   50    50   50    50   50    50   50    50   50    50   50
uni1FF3   50   50    50   50    50   50    50   50    50   50    50   50    50   50
uni1FF4   50   50    50   50    50   50    50   50    50   50    50   50    50   50
uni1FF6   50   50    50   50    50   50    50   50    50   50    50   50    50   50
uni1FF7   50   50    50   50    50   50    50   50    50   50    50   50    50   50
###
uni1FF8    0   35     0   35     0   35     0   35     0   35     0   35     0   35
uni1FF9    0   35     0   35     0   35     0   35     0   35     0   35     0   35
uni1FFA    0   50     0   50     0   50     0   50     0   50     0   50     0   50
uni1FFB    0   50     0   50     0   50     0   50     0   50     0   50     0   50
uni1FFC   50   50    50   50    50   50    50   50    50   50    50   50    50   50

### Superscripts and Subscripts
uni2070   +0 w400    +0 w395    +0 w390    +0 w385    +0 w380    +0 w375    +0 w370
uni2071   85   85    90   90    95   95   100  100   105  105   110  110   115  115
uni2074   +0 w400    +0 w395    +0 w390    +0 w385    +0 w380    +0 w375    +0 w370
uni2075   +0 w400    +0 w395    +0 w390    +0 w385    +0 w380    +0 w375    +0 w370
uni2076   +0 w400    +0 w395    +0 w390    +0 w385    +0 w380    +0 w375    +0 w370
uni2077   +0 w400    +0 w395    +0 w390    +0 w385    +0 w380    +0 w375    +0 w370
###
uni2078   +0 w400    +0 w395    +0 w390    +0 w385    +0 w380    +0 w375    +0 w370
uni2079   +0 w400    +0 w395    +0 w390    +0 w385    +0 w380    +0 w375    +0 w370
uni207F   65   60    65   60    65   60    65   60    65   60    65   60    65   60
###
uni2080   +0 w400    +0 w395    +0 w390    +0 w385    +0 w380    +0 w375    +0 w370
uni2081   +0 w400    +0 w395    +0 w390    +0 w385    +0 w380    +0 w375    +0 w370
uni2082   +0 w400    +0 w395    +0 w390    +0 w385    +0 w380    +0 w375    +0 w370
uni2083   +0 w400    +0 w395    +0 w390    +0 w385    +0 w380    +0 w375    +0 w370
uni2084   +0 w400    +0 w395    +0 w390    +0 w385    +0 w380    +0 w375    +0 w370
uni2085   +0 w400    +0 w395    +0 w390    +0 w385    +0 w380    +0 w375    +0 w370
uni2086   +0 w400    +0 w395    +0 w390    +0 w385    +0 w380    +0 w375    +0 w370
uni2087   +0 w400    +0 w395    +0 w390    +0 w385    +0 w380    +0 w375    +0 w370
###
uni2088   +0 w400    +0 w395    +0 w390    +0 w385    +0 w380    +0 w375    +0 w370
uni2089   +0 w400    +0 w395    +0 w390    +0 w385    +0 w380    +0 w375    +0 w370

### Currency Symbols
uni20A1   35   50    35   50    35   50    35   50    35   50    35   50    35   50
###
uni20A8   80   55    80   55    80   55    80   55    80   55    80   55    80   55
uni20A9   45   45    45   45    45   45    45   45    45   45    45   45    45   45
uni20AB   40   30    40   30    40   30    40   30    40   30    40   30    40   30
uni20AC   45   80    45   80    45   80    45   80    45   80    45   80    45   80
###
uni20B0   80   70    80   70    80   70    80   70    80   70    80   70    80   70
uni20B2   35   75    35   75    35   75    35   75    35   75    35   75    35   75
uni20B3   30   30    30   30    30   30    30   30    30   30    30   30    30   30
uni20B5   35   75    35   75    35   75    35   75    35   75    35   75    35   75

### Letterlike Symbols
uni211E   80   50    80   50    80   50    80   50    80   50    80   50    80   50
###
uni2126   50   50    50   50    50   50    50   50    50   50    50   50    50   50
uni2127   50   50    50   50    50   50    50   50    50   50    50   50    50   50

### Mathematical Operators
uni223D   35   35    35   35    35   35    35   35    35   35    35   35    35   35

### Control Pictures
uni2422   30   40    30   40    30   40    30   40    30   40    30   40    30   40
uni2426   60   80    60   80    60   80    60   80    60   80    60   80    60   80

### Latin Extended-C
uni2C71   30   25    30   25    30   25    30   25    30   25    30   25    30   25
uni2C7D   20   20    20   20    20   20    20   20    20   20    20   20    20   20

### Alphabetic Presentation Forms
uniFB00   50   65    50   65    50   65    50   65    50   65    50   65    50   65
uniFB01   50   75    50   75    50   75    50   75    50   75    50   75    50   75
uniFB02   50   75    50   75    50   75    50   75    50   75    50   75    50   75
uniFB03   50   75    50   75    50   75    50   75    50   75    50   75    50   75
uniFB04   50   75    50   75    50   75    50   75    50   75    50   75    50   75
