#################   black      heavy      bold      medium     regular     light      thin
#################-----+----|-----+----|-----+----|-----+----|-----+----|-----+----|-----+----|
################# General Punctuation
uni2010	       S     0    0     0    0     0    0     0    0     0    0     0    0     0    0
uni2011	       S     0    0     0    0     0    0     0    0     0    0     0    0     0    0
uni2012	       S     0    0     0    0     0    0     0    0     0    0     0    0     0    0
uni2013	       S     0    0     0    0     0    0     0    0     0    0     0    0     0    0
uni2014	       S     0    0     0    0     0    0     0    0     0    0     0    0     0    0
uni2015	       S     0    0     0    0     0    0     0    0     0    0     0    0     0    0
uni2016	       S     0    0     0    0     0    0     0    0     0    0     0    0     0    0
uni2017	       S     0    0     0    0     0    0     0    0     0    0     0    0     0    0
uni2018	       S     0    0     0    0     0    0     0    0     0    0     0    0     0    0
uni2019	       S     0    0     0    0     0    0     0    0     0    0     0    0     0    0
uni201A	       S     0    0     0    0     0    0     0    0     0    0     0    0     0    0
uni201B	       S     0    0     0    0     0    0     0    0     0    0     0    0     0    0
uni201C	       S     0    0     0    0     0    0     0    0     0    0     0    0     0    0
uni201D	       S     0    0     0    0     0    0     0    0     0    0     0    0     0    0
uni201E	       S     0    0     0    0     0    0     0    0     0    0     0    0     0    0
uni201F	       S     0    0     0    0     0    0     0    0     0    0     0    0     0    0
################# Mathematical Operators
uni2225        R
uni2226        R
