###  *  prefix 'w' means R is width instead of right sidebearing.
###  *  prefix '+' means L/R is relative from current value.
###     (use '+-1' to shift 1 unit left)
###
###  black      heavy      bold      medium     regular     light      thin
###----+----|-----+----|-----+----|-----+----|-----+----|-----+----|-----+----|
###  L |  R |   L |  R |   L |  R |   L |  R |   L |  R |   L |  R |   L |  R |

&    45    0    45    0    45    0    45    0    45    0    45    0    45    0
*    50   50    50   50    50   50    50   50    50   50    50   50    50   50
3    +0 w660    +0 w650    +0 w640    +0 w630    +0 w620    +0 w610    +0 w600
@    35   35    35   35    35   35    35   35    35   35    35   35    35   35
B    80   35    80   35    80   35    80   35    80   35    80   35    80   35
D    80   35    80   35    80   35    80   35    80   35    80   35    80   35
M    40   40    40   40    40   40    40   40    40   40    40   40    40   40
P    80   30    80   30    80   30    80   30    80   30    80   30    80   30
R    80   40    80   40    80   40    80   40    80   40    80   40    80   40
g    40   45    40   45    40   45    40   45    40   45    40   45    40   45
y    35   30    35   30    35   30    35   30    35   30    35   30    35   30

### Latin-1 Supplement
uni00AE   35   35    35   35    35   35    35   35    35   35    35   35    35   35
uni00B3   +0 w400    +0 w395    +0 w390    +0 w385    +0 w380    +0 w375    +0 w370
uni00BE   +0 w860    +0 w850    +0 w840    +0 w830    +0 w820    +0 w810    +0 w800
uni00D0   30   35    30   35    30   35    30   35    30   35    30   35    30   35
uni00DE   80   40    80   40    80   40    80   40    80   40    80   40    80   40
uni00FD   35   30    35   30    35   30    35   30    35   30    35   30    35   30
uni00FF   35   30    35   30    35   30    35   30    35   30    35   30    35   30

### Latin Extended-A
uni010E   80   35    80   35    80   35    80   35    80   35    80   35    80   35
uni0110   30   35    30   35    30   35    30   35    30   35    30   35    30   35
uni011D   40   45    40   45    40   45    40   45    40   45    40   45    40   45
uni011F   40   45    40   45    40   45    40   45    40   45    40   45    40   45
uni0121   40   45    40   45    40   45    40   45    40   45    40   45    40   45
uni0123   40   45    40   45    40   45    40   45    40   45    40   45    40   45
uni0154   80   40    80   40    80   40    80   40    80   40    80   40    80   40
uni0156   80   40    80   40    80   40    80   40    80   40    80   40    80   40
uni0158   80   40    80   40    80   40    80   40    80   40    80   40    80   40
uni0177   35   30    35   30    35   30    35   30    35   30    35   30    35   30

### Latin Extended-B
uni0181 -140   35  -134   35  -128   35  -122   35  -114   35  -107   35  -100   35
uni0182   80   40    80   40    80   40    80   40    80   40    80   40    80   40
uni0184   35   40    35   40    35   40    35   40    35   40    35   40    35   40
uni0185   30   35    30   35    30   35    30   35    30   35    30   35    30   35
uni0189   30   40    30   40    30   40    30   40    30   40    30   40    30   40
uni018A -140   35  -134   35  -128   35  -122   35  -114   35  -107   35  -100   35
uni018B   40   80    40   80    40   80    40   80    40   80    40   80    40   80
uni019B   40   30    40   30    40   30    40   30    40   30    40   30    40   30
uni01A4 -140   30  -134   30  -128   30  -122   30  -114   30  -107   30  -100   30
uni01A6   80   40    80   40    80   40    80   40    80   40    80   40    80   40
uni01B4   35    0    35    0    35    0    35    0    35    0    35    0    35    0
uni01C4   80   70    80   70    80   70    80   70    80   70    80   70    80   70
uni01C5   80   36    80   45    80   54    80   63    80   70    80   70    80   70
uni01E5   40   30    40   30    40   30    40   30    40   30    40   30    40   30
uni01E7   40   45    40   45    40   45    40   45    40   45    40   45    40   45
uni01F1   80   70    80   70    80   70    80   70    80   70    80   70    80   70
uni01F2   80   70    80   70    80   70    80   70    80   70    80   70    80   70
uni01F5   40   45    40   45    40   45    40   45    40   45    40   45    40   45
uni0210   77   40    78   40    79   40    79   40    79   40    79   40    79   40
uni0212   80   40    80   40    80   40    80   40    80   40    80   40    79   40
uni0233   35   30    35   30    35   30    35   30    35   30    35   30    35   30
uni0243   30   35    30   35    30   35    30   35    30   35    30   35    30   35
uni024C   30   40    30   40    30   40    30   40    30   40    30   40    30   40
uni024F   35   35    35   35    35   35    35   35    35   35    35   35    35   35

### IPA Extensions
uni0280   70   35    70   35    70   35    70   35    70   35    70   35    70   35
uni0281   70   35    70   35    70   35    70   35    70   35    70   35    70   35
uni028e   30   35    30   35    30   35    30   35    30   35    30   35    30   35
uni0299   70   40    70   40    70   40    70   40    70   40    70   40    70   40

### Spacing Modifier Letters
uni02B6   75   35    75   35    75   35    75   35    75   35    75   35    75   35
uni02B8   30   25    30   25    30   25    30   25    30   25    30   25    30   25

### Greek and Coptic
uni0392   80   35    80   35    80   35    80   35    80   35    80   35    80   35
uni039C   40   40    40   40    40   40    40   40    40   40    40   40    40   40
uni03A1   80   30    80   30    80   30    80   30    80   30    80   30    80   30
uni03BB   35   30    35   30    35   30    35   30    35   30    35   30    35   30
uni03F7   80   40    80   40    80   40    80   40    80   40    80   40    80   40

### Cyrillic
uni0409   40   40    40   40    40   40    40   40    40   40    40   40    40   40
uni040A   80   40    80   40    80   40    80   40    80   40    80   40    80   40
uni0411   80   40    80   40    80   40    80   40    80   40    80   40    80   40
uni0412   80   35    80   35    80   35    80   35    80   35    80   35    80   35
uni041C   40   40    40   40    40   40    40   40    40   40    40   40    40   40
uni0420   80   30    80   30    80   30    80   30    80   30    80   30    80   30
uni042A   35   40    35   40    35   40    35   40    35   40    35   40    35   40
uni042B   80   80    80   80    80   80    80   80    80   80    80   80    80   80
uni042C   80   40    80   40    80   40    80   40    80   40    80   40    80   40
uni042F   40   80    40   80    40   80    40   80    40   80    40   80    40   80
uni0432   70   40    70   40    70   40    70   40    70   40    70   40    70   40
uni043C   40   40    40   40    40   40    40   40    40   40    40   40    40   40
uni044A   30   35    30   35    30   35    30   35    30   35    30   35    30   35
uni044B   70   70    70   70    70   70    70   70    70   70    70   70    70   70
uni044C   70   35    70   35    70   35    70   35    70   35    70   35    70   35
uni044F   35   70    35   70    35   70    35   70    35   70    35   70    35   70
uni0459   30   35    30   35    30   35    30   35    30   35    30   35    30   35
uni045A   70   35    70   35    70   35    70   35    70   35    70   35    70   35
uni0462   35   40    35   40    35   40    35   40    35   40    35   40    35   40
uni0463   30   35    30   35    30   35    30   35    30   35    30   35    30   35
uni0478   35   20    35   20    35   20    35   20    35   20    35   20    35   20
uni0479   35   20    35   20    35   20    35   20    35   20    35   20    35   20
uni048C   35   40    35   40    35   40    35   40    35   40    35   40    35   40
uni048D   30   35    30   35    30   35    30   35    30   35    30   35    30   35
uni048E   80   30    80   30    80   30    80   30    80   30    80   30    80   30
uni04CD   40   10    40   10    40   10    40   10    40   10    40   10    40   10
uni04CE   40   10    40   10    40   10    40   10    40   10    40   10    40   10
uni04F8   80   80    80   80    80   80    80   80    80   80    80   80    80   80
uni04F9   70   70    70   70    70   70    70   70    70   70    70   70    70   70

###Cyrillic Supplement
uni0500   40   80    40   80    40   80    40   80    40   80    40   80    40   80
uni0502   40   55    40   55    40   55    40   55    40   55    40   55    40   55

### Thai
uni0E3F   80   35    80   35    80   35    80   35    80   35    80   35    80   35

### Phonetic Extensions
uni1D05   70   35    70   35    70   35    70   35    70   35    70   35    70   35
uni1D06   30   35    30   35    30   35    30   35    30   35    30   35    30   35
uni1D0D   40   40    40   40    40   40    40   40    40   40    40   40    40   40
uni1D18   70   35    70   35    70   35    70   35    70   35    70   35    70   35
uni1D19   35   70    35   70    35   70    35   70    35   70    35   70    35   70
uni1D1A   35   70    35   70    35   70    35   70    35   70    35   70    35   70
uni1D29   70   35    70   35    70   35    70   35    70   35    70   35    70   35
uni1D30   75   30    75   30    75   30    75   30    75   30    75   30    75   30
uni1D39   35   35    35   35    35   35    35   35    35   35    35   35    35   35

### Latin Extended Additional
uni1E02   80   35    80   35    80   35    80   35    80   35    80   35    80   35
uni1E04   80   35    80   35    80   35    80   35    80   35    80   35    80   35
uni1E06   80   35    80   35    80   35    80   35    80   35    80   35    80   35
uni1E0A   80   35    80   35    80   35    80   35    80   35    80   35    80   35
uni1E0C   80   35    80   35    80   35    80   35    80   35    80   35    80   35
uni1E0E   80   35    80   35    80   35    80   35    80   35    80   35    80   35
uni1E10   80   35    80   35    80   35    80   35    80   35    80   35    80   35
uni1E12   80   35    80   35    80   35    80   35    80   35    80   35    80   35
uni1E21   40   45    40   45    40   45    40   45    40   45    40   45    40   45
uni1E3E   40   40    40   40    40   40    40   40    40   40    40   40    40   40
uni1E40   40   40    40   40    40   40    40   40    40   40    40   40    40   40
uni1E42   40   40    40   40    40   40    40   40    40   40    40   40    40   40
uni1E54   80   30    80   30    80   30    80   30    80   30    80   30    80   30
uni1E56   80   30    80   30    80   30    80   30    80   30    80   30    80   30
uni1E58   80   40    80   40    80   40    80   40    80   40    80   40    80   40
uni1E5A   80   40    80   40    80   40    80   40    80   40    80   40    80   40
uni1E5C   80   40    80   40    80   40    80   40    80   40    80   40    80   40
uni1E5E   80   40    80   40    80   40    80   40    80   40    80   40    80   40
uni1E8F   35   30    35   30    35   30    35   30    35   30    35   30    35   30
uni1E99   35   30    35   30    35   30    35   30    35   30    35   30    35   30
uni1EF3   35   30    35   30    35   30    35   30    35   30    35   30    35   30
uni1EF5   35   15    35   30    35   30    35   30    35   30    35   30    35   30
uni1EF7   35   30    35   30    35   30    35   30    35   30    35   30    35   30
uni1EF9   35   30    35   30    35   30    35   30    35   30    35   30    35   30

### Greek Extended
uni1FEC    0   30     0   30     0   30     0   30     0   30     0   30     0   30

### Currency Symbols
uni20A7   20   10    20   10    20   10    20   10    20   10    20   10    20   10
uni20A8   80   55    80   55    80   55    80   55    80   55    80   55    80   55

### Superscripts and Subscripts
uni2083   +0 w400    +0 w395    +0 w390    +0 w385    +0 w380    +0 w375    +0 w370

### Currency Symbols
uni20B0   80   70    80   70    80   70    80   70    80   70    80   70    80   70
uni20B1   25   15    25   15    25   15    25   15    25   15    25   15    25   15

### Letterlike Symbols
uni2102   35   60    35   60    35   60    35   60    35   60    35   60    35   60
uni210D   80   80    80   80    80   80    80   80    80   80    80   80    80   80
uni2117   35   35    35   35    35   35    35   35    35   35    35   35    35   35
uni2119   80   30    80   30    80   30    80   30    80   30    80   30    80   30
uni211A   35  -10    35  -10    35  -10    35  -10    35  -10    35  -10    35  -10
uni211D   80   40    80   40    80   40    80   40    80   40    80   40    80   40
uni211E   80   50    80   50    80   50    80   50    80   50    80   50    80   50
uni2120   55   70    55   70    55   70    55   70    55   70    55   70    55   70
uni2122   55   70    55   70    55   70    55   70    55   70    55   70    55   70
uni214B    0   45     0   45     0   45     0   45     0   45     0   45     0   45

### Number Forms
uni2153   +0 w860    +0 w850    +0 w840    +0 w830    +0 w820    +0 w810    +0 w800
uni2154   +0 w860    +0 w850    +0 w840    +0 w830    +0 w820    +0 w810    +0 w800
uni2157   +0 w860    +0 w850    +0 w840    +0 w830    +0 w820    +0 w810    +0 w800
uni215C   +0 w860    +0 w850    +0 w840    +0 w830    +0 w820    +0 w810    +0 w800
uni216E   80   35    80   35    80   35    80   35    80   35    80   35    80   35
uni216F   40   40    40   40    40   40    40   40    40   40    40   40    40   40


### Mathematical Operators
uni221B   40   15    40   15    40   15    40   15    40   15    40   15    40   15

### Enclosed Alphanumerics
uni24C5   35   35    35   35    35   35    35   35    35   35    35   35    35   35
uni24C7   35   35    35   35    35   35    35   35    35   35    35   35    35   35

### Math Alphanumeric Symbols
u1D539    80   35    80   35    80   35    80   35    80   35    80   35    80   35
u1D53B    80   35    80   35    80   35    80   35    80   35    80   35    80   35
u1D53E    35   70    35   70    35   70    35   70    35   70    35   70    35   70
u1D541    20   70    20   70    20   70    20   70    20   70    20   70    20   70
u1D542    80   30    80   30    80   30    80   30    80   30    80   30    80   30
u1D544    40   40    40   40    40   40    40   40    40   40    40   40    40   40
u1D546    35   35    35   35    35   35    35   35    35   35    35   35    35   35
u1D54A    55   55    55   55    55   55    55   55    55   55    55   55    55   55
u1D55C    75   40    75   40    75   40    75   40    75   40    75   40    75   40
u1D7D8    +0 w650    +0 w650    +0 w650    +0 w650    +0 w640    +0 w630    +0 w620
u1D7F6    +0 w660    +0 w650    +0 w640    +0 w630    +0 w620    +0 w610    +0 w600
