###               black    heavy     bold   medium   regular   light     thin
###---------------------|--------|--------|--------|--------|--------|--------|

[!][M]              -20      -20      -20      -20      -20      -20      -20
[!][g]              -10      -10      -10      -10      -10      -10      -10
["'][&]             -40      -40      -40      -40      -40      -40      -40
["'][M]             -40      -40      -40      -40      -40      -40      -40
[#][&]              -10      -10      -10      -10      -10      -10      -10
[#][M]              -15      -15      -15      -15      -15      -15      -15
[#][g]              -30      -30      -30      -30      -30      -30      -30
[$][M]              -15      -15      -15      -15      -15      -15      -15
[%][M]               10       10       10       10       10       10       10
[%][g]                0        0        0        0        0        0        0
[&][!]              -20      -20      -20      -20      -20      -20      -20
[&]["']            -140     -140     -140     -140     -140     -140     -140
[&][#]              -10      -10      -10      -10      -10      -10      -10
[&][$]              -20      -20      -20      -20      -20      -20      -20
[&][%]              -80      -80      -80      -80      -80      -80      -80
[&][&]              -30      -30      -30      -30      -30      -30      -30
[&][)]              -70      -70      -70      -70      -70      -70      -70
[&][*]             -100     -100     -100     -100     -100     -100     -100
[&][+-]             -30      -30      -30      -30      -30      -30      -30
[&][,.]              10       10       10       10       10       10       10
[&][/]               50       50       50       50       50       50       50
[&][:]              -35      -35      -35      -35      -35      -35      -35
[&][<]              -20      -20      -20      -20      -20      -20      -20
[&][=]              -30      -30      -30      -30      -30      -30      -30
[&][?]              -80      -80      -80      -80      -80      -80      -80
[&][@CGOQ]          -20      -20      -20      -20      -20      -20      -20
[&][A]               30       30       30       30       30       30       30
[&][J]               30       30       30       30       30       30       30
[&][M]               20       20       20       20       20       20       20
[&][S]              -20      -20      -20      -20      -20      -20      -20
[&][T]             -100     -100     -100     -100     -100     -100     -100
[&][U]              -30      -30      -30      -30      -30      -30      -30
[&][V]              -90      -90      -90      -90      -90      -90      -90
[&][W]              -60      -60      -60      -60      -60      -60      -60
[&][X]               20       20       20       20       20       20       20
[&][Y]             -120     -120     -120     -120     -120     -120     -120
[&][Z]                0        0        0        0        0        0        0
[&][\]]             -60      -60      -60      -60      -60      -60      -60
[&][\\]            -100     -100     -100     -100     -100     -100     -100
[&][^]              -40      -40      -40      -40      -40      -40      -40
[&][_]               50       50       50       50       50       50       50
[&][`]             -190     -190     -190     -190     -190     -190     -190
[&][a]              -10      -10      -10      -10      -10      -10      -10
[&][ceo]            -20      -20      -20      -20      -20      -20      -20
[&][dq]             -20      -20      -20      -20      -20      -20      -20
[&][f]              -40      -40      -40      -40      -40      -40      -40
[&][g]              -10      -10      -10      -10      -10      -10      -10
[&][j]               20       20       20       20       20       20       20
[&][s]              -10      -10      -10      -10      -10      -10      -10
[&][t]              -50      -50      -50      -50      -50      -50      -50
[&][v]              -35      -35      -35      -35      -35      -35      -35
[&][w]              -30      -30      -30      -30      -30      -30      -30
[&][x]               10       10       10       10       10       10       10
[&][y]              -30      -30      -30      -30      -30      -30      -30
[&][{]              -10      -10      -10      -10      -10      -10      -10
[&][}]              -60      -60      -60      -60      -60      -60      -60
[&][~]              -30      -30      -30      -30      -30      -30      -30
[(][M]              -20      -20      -20      -20      -20      -20      -20
[(][y]              -20      -20      -20      -20      -20      -20      -20
[)][&]              -20      -20      -20      -20      -20      -20      -20
[*][#]              -30      -30      -30      -30      -30      -30      -30
[*][&]              -30      -30      -30      -30      -30      -30      -30
[*][=]              -30      -30      -30      -30      -30      -30      -30
[*][M]              -40      -40      -40      -40      -40      -40      -40
[*][V]              -10      -10      -10      -10      -10      -10      -10
[*][X]              -30      -30      -30      -30      -30      -30      -30
[*][\\]             -10      -10      -10      -10      -10      -10      -10
[+-][g]               0        0        0        0        0        0        0
[,][M]               10       10       10       10       10       10       10
[,][g]              -10      -10      -10      -10      -10      -10      -10
[,][y]              -60      -60      -60      -60      -60      -60      -60
[.][M]               20       20       20       20       20       20       20
[.][g]              -20      -20      -20      -20      -20      -20      -20
[.][y]              -70      -70      -70      -70      -70      -70      -70
[:;][M]             -10      -10      -10      -10      -10      -10      -10
[<][M]              -10      -10      -10      -10      -10      -10      -10
[=][*]              -30      -30      -30      -30      -30      -30      -30
[=][M]              -10      -10      -10      -10      -10      -10      -10
[>][M]              -10      -10      -10      -10      -10      -10      -10
[?][M]              -25      -25      -25      -25      -25      -25      -25
[?][g]              -55      -55      -55      -55      -55      -55      -55
[@DO][M]            -10      -10      -10      -10      -10      -10      -10
[A][M]               20       20       20       20       20       20       20
[A][y]              -30      -30      -30      -30      -30      -30      -30
[C][M]              -10      -10      -10      -10      -10      -10      -10
[C][g]              -20      -20      -20      -20      -20      -20      -20
[F][M]              -20      -20      -20      -20      -20      -20      -20
[F][g]              -30      -30      -30      -30      -30      -30      -30
[G][g]              -10      -10      -10      -10      -10      -10      -10
[JU][M]             -10      -10      -10      -10      -10      -10      -10
[JU][g]             -10      -10      -10      -10      -10      -10      -10
[K][M]               10       10       10       10       10       10       10
[K][g]              -30      -30      -30      -30      -30      -30      -30
[K][y]              -60      -60      -60      -60      -60      -60      -60
[L][y]              -60      -60      -60      -60      -60      -60      -60
[M][!]              -20      -20      -20      -20      -20      -20      -20
[M]["']             -40      -40      -40      -40      -40      -40      -40
[M][#]              -10      -10      -10      -10      -10      -10      -10
[M][$]              -15      -15      -15      -15      -15      -15      -15
[M][%]              -25      -25      -25      -25      -25      -25      -25
[M][&]              -10      -10      -10      -10      -10      -10      -10
[M][)]              -20      -20      -20      -20      -20      -20      -20
[M][*]              -40      -40      -40      -40      -40      -40      -40
[M][+-]             -10      -10      -10      -10      -10      -10      -10
[M][,]               15       15       15       15       15       15       15
[M][.]               20       20       20       20       20       20       20
[M][/]               20       20       20       20       20       20       20
[M][:;]             -10      -10      -10      -10      -10      -10      -10
[M][<]              -10      -10      -10      -10      -10      -10      -10
[M][=]              -10      -10      -10      -10      -10      -10      -10
[M][>]              -10      -10      -10      -10      -10      -10      -10
[M][?]              -35      -35      -35      -35      -35      -35      -35
[M][@CGOQ]          -10      -10      -10      -10      -10      -10      -10
[M][A]               20       20       20       20       20       20       20
[M][J]               20       20       20       20       20       20       20
[M][M]               10       10       10       10       10       10       10
[M][S]              -10      -10      -10      -10      -10      -10      -10
[M][T]              -35      -35      -35      -35      -35      -35      -35
[M][U]              -10      -10      -10      -10      -10      -10      -10
[M][V]              -40      -40      -40      -40      -40      -40      -40
[M][W]              -30      -30      -30      -30      -30      -30      -30
[M][X]               10       10       10       10       10       10       10
[M][Y]              -45      -45      -45      -45      -45      -45      -45
[M][\]]             -15      -15      -15      -15      -15      -15      -15
[M][^]              -15      -15      -15      -15      -15      -15      -15
[M][_]               30       30       30       30       30       30       30
[M][`]              -60      -60      -60      -60      -60      -60      -60
[M][a]              -10      -10      -10      -10      -10      -10      -10
[M][ceo]            -10      -10      -10      -10      -10      -10      -10
[M][dq]             -10      -10      -10      -10      -10      -10      -10
[M][f]              -20      -20      -20      -20      -20      -20      -20
[M][g]              -10      -10      -10      -10      -10      -10      -10
[M][j]               20       20       20       20       20       20       20
[M][s]              -10      -10      -10      -10      -10      -10      -10
[M][t]              -25      -25      -25      -25      -25      -25      -25
[M][u]              -10      -10      -10      -10      -10      -10      -10
[M][v]              -15      -15      -15      -15      -15      -15      -15
[M][w]              -10      -10      -10      -10      -10      -10      -10
[M][y]              -15      -15      -15      -15      -15      -15      -15
[M][{]              -10      -10      -10      -10      -10      -10      -10
[M][}]              -15      -15      -15      -15      -15      -15      -15
[M][~]              -15      -15      -15      -15      -15      -15      -15
[P][M]              -20      -20      -20      -20      -20      -20      -20
[Q][g]               30       30       30       30       30       30       30
[Q][y]               40       40       40       40       40       40       40
[R][M]               10       10       10       10       10       10       10
[R][y]                0        0        0        0        0        0        0
[S][M]              -10      -10      -10      -10      -10      -10      -10
[S][g]              -10      -10      -10      -10      -10      -10      -10
[T][M]              -35      -35      -35      -35      -35      -35      -35
[V][*]              -10      -10      -10      -10      -10      -10      -10
[V][M]              -40      -40      -40      -40      -40      -40      -40
[V][g]              -80      -80      -80      -80      -80      -80      -80
[W][M]              -30      -30      -30      -30      -30      -30      -30
[W][g]              -60      -60      -60      -60      -60      -60      -60
[X][*]              -30      -30      -30      -30      -30      -30      -30
[X][M]               10       10       10       10       10       10       10
[X][y]              -50      -50      -50      -50      -50      -50      -50
[Y][M]              -45      -45      -45      -45      -45      -45      -45
[\[][M]             -15      -15      -15      -15      -15      -15      -15
[\[][g]               0        0        0        0        0        0        0
[\[][y]               0        0        0        0        0        0        0
[\\][M]              20       20       20       20       20       20       20
[\\][g]               0        0        0        0        0        0        0
[\\][y]             -20      -20      -20      -20      -20      -20      -20
[^][M]              -15      -15      -15      -15      -15      -15      -15
[^][g]              -10      -10      -10      -10      -10      -10      -10
[_][M]               30       30       30       30       30       30       30
[_][g]               55       55       55       55       55       55       55
[_][y]               40       40       40       40       40       40       40
[`][M]              -20      -20      -20      -20      -20      -20      -20
[a][&]              -10      -10      -10      -10      -10      -10      -10
[a][M]              -10      -10      -10      -10      -10      -10      -10
[a][g]              -10      -10      -10      -10      -10      -10      -10
[bp][&]             -10      -10      -10      -10      -10      -10      -10
[bp][M]             -10      -10      -10      -10      -10      -10      -10
[bp][g]               0        0        0        0        0        0        0
[c][g]              -10      -10      -10      -10      -10      -10      -10
[c][M]              -10      -10      -10      -10      -10      -10      -10
[e][&]              -10      -10      -10      -10      -10      -10      -10
[e][M]              -10      -10      -10      -10      -10      -10      -10
[e][g]                0        0        0        0        0        0        0
[f][M]              -30      -30      -30      -30      -30      -30      -30
[f][g]              -60      -60      -60      -60      -60      -60      -60
[g][!]              -10      -10      -10      -10      -10      -10      -10
[g][&]              -30      -30      -30      -30      -30      -30      -30
[g]["']             -40      -40      -40      -40      -40      -40      -40
[g][%]              -25      -25      -25      -25      -25      -25      -25
[g][&]              -30      -30      -30      -30      -30      -30      -30
[g][.]              -35      -35      -35      -35      -35      -35      -35
[g][:]              -10      -10      -10      -10      -10      -10      -10
[g][A]              -10      -10      -10      -10      -10      -10      -10
[g][J]              -10      -10      -10      -10      -10      -10      -10
[g][T]              -60      -60      -60      -60      -60      -60      -60
[g][X]              -45      -45      -45      -45      -45      -45      -45
[g][Z]              -20      -20      -20      -20      -20      -20      -20
[g][_]               50       50       50       50       50       50       50
[g][a]              -10      -10      -10      -10      -10      -10      -10
[g][f]              -10      -10      -10      -10      -10      -10      -10
[g][j]               60       60       60       60       60       60       60
[g][s]              -10      -10      -10      -10      -10      -10      -10
[g][t]              -10      -10      -10      -10      -10      -10      -10
[g][x]              -15      -15      -15      -15      -15      -15      -15
[g][y]               10       10       10       10       10       10       10
[o][&]              -10      -10      -10      -10      -10      -10      -10
[o][M]              -10      -10      -10      -10      -10      -10      -10
[q][y]               10       10       10       10       10       10       10
[r][M]              -25      -25      -25      -25      -25      -25      -25
[s][M]              -10      -10      -10      -10      -10      -10      -10
[s][g]              -10      -10      -10      -10      -10      -10      -10
[v][M]              -15      -15      -15      -15      -15      -15      -15
[w][M]              -10      -10      -10      -10      -10      -10      -10
[y][M]              -15      -15      -15      -15      -15      -15      -15
[{][M]              -15      -15      -15      -15      -15      -15      -15
[{][y]                0        0        0        0        0        0        0
[}][M]              -10      -10      -10      -10      -10      -10      -10
[~][M]              -15      -15      -15      -15      -15      -15      -15
[~][g]                0        0        0        0        0        0        0
